498 9978
4 100 1
4 101 1
4 102 1
4 103 1
4 104 1
4 105 1
4 106 1
4 107 1
4 108 1
4 109 1
4 110 1
4 111 1
4 112 1
4 113 1
4 114 1
4 115 1
4 116 1
4 117 1
4 118 1
4 119 1
4 120 1
4 121 1
4 122 1
4 123 1
4 124 1
4 125 1
4 126 1
4 127 1
4 128 1
4 129 1
4 130 1
4 131 1
4 132 1
4 133 1
4 134 1
4 135 1
4 136 1
4 137 1
4 138 1
4 139 1
4 140 1
4 141 1
4 142 1
4 143 1
4 144 1
4 145 1
4 146 1
4 147 1
4 148 1
4 149 1
4 150 1
4 151 1
4 152 1
4 153 1
4 154 1
4 155 1
4 156 1
4 157 1
4 158 1
4 159 1
4 160 1
4 161 1
4 162 1
4 163 1
4 164 1
4 165 1
4 166 1
4 167 1
4 168 1
4 169 1
4 170 1
4 171 1
4 172 1
4 173 1
4 174 1
4 175 1
4 176 1
4 177 1
4 178 1
4 179 1
4 180 1
4 181 1
4 182 1
4 183 1
4 184 1
4 185 1
4 186 1
4 187 1
4 188 1
4 189 1
4 190 1
4 191 1
4 192 1
4 193 1
4 194 1
4 195 1
5 100 1
5 101 1
5 102 1
5 103 1
5 104 1
5 105 1
5 106 1
5 107 1
5 108 1
5 109 1
5 110 1
5 111 1
5 112 1
5 113 1
5 114 1
5 115 1
5 116 1
5 117 1
5 118 1
5 119 1
5 120 1
5 121 1
5 122 1
5 123 1
5 124 1
5 125 1
5 126 1
5 127 1
5 128 1
5 129 1
5 130 1
5 131 1
5 132 1
5 133 1
5 134 1
5 135 1
5 136 1
5 137 1
5 138 1
5 139 1
5 140 1
5 141 1
5 142 1
5 143 1
5 144 1
5 145 1
5 146 1
5 147 1
5 148 1
5 149 1
5 150 1
5 151 1
5 152 1
5 153 1
5 154 1
5 155 1
5 156 1
5 157 1
5 158 1
5 159 1
5 160 1
5 161 1
5 162 1
5 163 1
5 164 1
5 165 1
5 166 1
5 167 1
5 168 1
5 169 1
5 170 1
5 171 1
5 172 1
5 173 1
5 174 1
5 175 1
5 176 1
5 177 1
5 178 1
5 179 1
5 180 1
5 181 1
5 182 1
5 183 1
5 184 1
5 185 1
5 186 1
5 187 1
5 188 1
5 189 1
5 190 1
5 191 1
5 192 1
5 193 1
5 194 1
5 195 1
6 100 1
6 101 1
6 102 1
6 103 1
6 104 1
6 105 1
6 106 1
6 107 1
6 108 1
6 109 1
6 110 1
6 111 1
6 112 1
6 113 1
6 114 1
6 115 1
6 116 1
6 117 1
6 118 1
6 119 1
6 120 1
6 121 1
6 122 1
6 123 1
6 124 1
6 125 1
6 126 1
6 127 1
6 128 1
6 129 1
6 130 1
6 131 1
6 132 1
6 133 1
6 134 1
6 135 1
6 136 1
6 137 1
6 138 1
6 139 1
6 140 1
6 141 1
6 142 1
6 143 1
6 144 1
6 145 1
6 146 1
6 147 1
6 148 1
6 149 1
6 150 1
6 151 1
6 152 1
6 153 1
6 154 1
6 155 1
6 156 1
6 157 1
6 158 1
6 159 1
6 160 1
6 161 1
6 162 1
6 163 1
6 164 1
6 165 1
6 166 1
6 167 1
6 168 1
6 169 1
6 170 1
6 171 1
6 172 1
6 173 1
6 174 1
6 175 1
6 176 1
6 177 1
6 178 1
6 179 1
6 180 1
6 181 1
6 182 1
6 183 1
6 184 1
6 185 1
6 186 1
6 187 1
6 188 1
6 189 1
6 190 1
6 191 1
6 192 1
6 193 1
6 194 1
6 195 1
7 100 1
7 101 1
7 102 1
7 103 1
7 104 1
7 105 1
7 106 1
7 107 1
7 108 1
7 109 1
7 110 1
7 111 1
7 112 1
7 113 1
7 114 1
7 115 1
7 116 1
7 117 1
7 118 1
7 119 1
7 120 1
7 121 1
7 122 1
7 123 1
7 124 1
7 125 1
7 126 1
7 127 1
7 128 1
7 129 1
7 130 1
7 131 1
7 132 1
7 133 1
7 134 1
7 135 1
7 136 1
7 137 1
7 138 1
7 139 1
7 140 1
7 141 1
7 142 1
7 143 1
7 144 1
7 145 1
7 146 1
7 147 1
7 148 1
7 149 1
7 150 1
7 151 1
7 152 1
7 153 1
7 154 1
7 155 1
7 156 1
7 157 1
7 158 1
7 159 1
7 160 1
7 161 1
7 162 1
7 163 1
7 164 1
7 165 1
7 166 1
7 167 1
7 168 1
7 169 1
7 170 1
7 171 1
7 172 1
7 173 1
7 174 1
7 175 1
7 176 1
7 177 1
7 178 1
7 179 1
7 180 1
7 181 1
7 182 1
7 183 1
7 184 1
7 185 1
7 186 1
7 187 1
7 188 1
7 189 1
7 190 1
7 191 1
7 192 1
7 193 1
7 194 1
7 195 1
8 100 1
8 101 1
8 102 1
8 103 1
8 104 1
8 105 1
8 106 1
8 107 1
8 108 1
8 109 1
8 110 1
8 111 1
8 112 1
8 113 1
8 114 1
8 115 1
8 116 1
8 117 1
8 118 1
8 119 1
8 120 1
8 121 1
8 122 1
8 123 1
8 124 1
8 125 1
8 126 1
8 127 1
8 128 1
8 129 1
8 130 1
8 131 1
8 132 1
8 133 1
8 134 1
8 135 1
8 136 1
8 137 1
8 138 1
8 139 1
8 140 1
8 141 1
8 142 1
8 143 1
8 144 1
8 145 1
8 146 1
8 147 1
8 148 1
8 149 1
8 150 1
8 151 1
8 152 1
8 153 1
8 154 1
8 155 1
8 156 1
8 157 1
8 158 1
8 159 1
8 160 1
8 161 1
8 162 1
8 163 1
8 164 1
8 165 1
8 166 1
8 167 1
8 168 1
8 169 1
8 170 1
8 171 1
8 172 1
8 173 1
8 174 1
8 175 1
8 176 1
8 177 1
8 178 1
8 179 1
8 180 1
8 181 1
8 182 1
8 183 1
8 184 1
8 185 1
8 186 1
8 187 1
8 188 1
8 189 1
8 190 1
8 191 1
8 192 1
8 193 1
8 194 1
8 195 1
9 100 1
9 101 1
9 102 1
9 103 1
9 104 1
9 105 1
9 106 1
9 107 1
9 108 1
9 109 1
9 110 1
9 111 1
9 112 1
9 113 1
9 114 1
9 115 1
9 116 1
9 117 1
9 118 1
9 119 1
9 120 1
9 121 1
9 122 1
9 123 1
9 124 1
9 125 1
9 126 1
9 127 1
9 128 1
9 129 1
9 130 1
9 131 1
9 132 1
9 133 1
9 134 1
9 135 1
9 136 1
9 137 1
9 138 1
9 139 1
9 140 1
9 141 1
9 142 1
9 143 1
9 144 1
9 145 1
9 146 1
9 147 1
9 148 1
9 149 1
9 150 1
9 151 1
9 152 1
9 153 1
9 154 1
9 155 1
9 156 1
9 157 1
9 158 1
9 159 1
9 160 1
9 161 1
9 162 1
9 163 1
9 164 1
9 165 1
9 166 1
9 167 1
9 168 1
9 169 1
9 170 1
9 171 1
9 172 1
9 173 1
9 174 1
9 175 1
9 176 1
9 177 1
9 178 1
9 179 1
9 180 1
9 181 1
9 182 1
9 183 1
9 184 1
9 185 1
9 186 1
9 187 1
9 188 1
9 189 1
9 190 1
9 191 1
9 192 1
9 193 1
9 194 1
9 195 1
10 100 1
10 101 1
10 102 1
10 103 1
10 104 1
10 105 1
10 106 1
10 107 1
10 108 1
10 109 1
10 110 1
10 111 1
10 112 1
10 113 1
10 114 1
10 115 1
10 116 1
10 117 1
10 118 1
10 119 1
10 120 1
10 121 1
10 122 1
10 123 1
10 124 1
10 125 1
10 126 1
10 127 1
10 128 1
10 129 1
10 130 1
10 131 1
10 132 1
10 133 1
10 134 1
10 135 1
10 136 1
10 137 1
10 138 1
10 139 1
10 140 1
10 141 1
10 142 1
10 143 1
10 144 1
10 145 1
10 146 1
10 147 1
10 148 1
10 149 1
10 150 1
10 151 1
10 152 1
10 153 1
10 154 1
10 155 1
10 156 1
10 157 1
10 158 1
10 159 1
10 160 1
10 161 1
10 162 1
10 163 1
10 164 1
10 165 1
10 166 1
10 167 1
10 168 1
10 169 1
10 170 1
10 171 1
10 172 1
10 173 1
10 174 1
10 175 1
10 176 1
10 177 1
10 178 1
10 179 1
10 180 1
10 181 1
10 182 1
10 183 1
10 184 1
10 185 1
10 186 1
10 187 1
10 188 1
10 189 1
10 190 1
10 191 1
10 192 1
10 193 1
10 194 1
10 195 1
11 100 1
11 101 1
11 102 1
11 103 1
11 104 1
11 105 1
11 106 1
11 107 1
11 108 1
11 109 1
11 110 1
11 111 1
11 112 1
11 113 1
11 114 1
11 115 1
11 116 1
11 117 1
11 118 1
11 119 1
11 120 1
11 121 1
11 122 1
11 123 1
11 124 1
11 125 1
11 126 1
11 127 1
11 128 1
11 129 1
11 130 1
11 131 1
11 132 1
11 133 1
11 134 1
11 135 1
11 136 1
11 137 1
11 138 1
11 139 1
11 140 1
11 141 1
11 142 1
11 143 1
11 144 1
11 145 1
11 146 1
11 147 1
11 148 1
11 149 1
11 150 1
11 151 1
11 152 1
11 153 1
11 154 1
11 155 1
11 156 1
11 157 1
11 158 1
11 159 1
11 160 1
11 161 1
11 162 1
11 163 1
11 164 1
11 165 1
11 166 1
11 167 1
11 168 1
11 169 1
11 170 1
11 171 1
11 172 1
11 173 1
11 174 1
11 175 1
11 176 1
11 177 1
11 178 1
11 179 1
11 180 1
11 181 1
11 182 1
11 183 1
11 184 1
11 185 1
11 186 1
11 187 1
11 188 1
11 189 1
11 190 1
11 191 1
11 192 1
11 193 1
11 194 1
11 195 1
12 100 1
12 101 1
12 102 1
12 103 1
12 104 1
12 105 1
12 106 1
12 107 1
12 108 1
12 109 1
12 110 1
12 111 1
12 112 1
12 113 1
12 114 1
12 115 1
12 116 1
12 117 1
12 118 1
12 119 1
12 120 1
12 121 1
12 122 1
12 123 1
12 124 1
12 125 1
12 126 1
12 127 1
12 128 1
12 129 1
12 130 1
12 131 1
12 132 1
12 133 1
12 134 1
12 135 1
12 136 1
12 137 1
12 138 1
12 139 1
12 140 1
12 141 1
12 142 1
12 143 1
12 144 1
12 145 1
12 146 1
12 147 1
12 148 1
12 149 1
12 150 1
12 151 1
12 152 1
12 153 1
12 154 1
12 155 1
12 156 1
12 157 1
12 158 1
12 159 1
12 160 1
12 161 1
12 162 1
12 163 1
12 164 1
12 165 1
12 166 1
12 167 1
12 168 1
12 169 1
12 170 1
12 171 1
12 172 1
12 173 1
12 174 1
12 175 1
12 176 1
12 177 1
12 178 1
12 179 1
12 180 1
12 181 1
12 182 1
12 183 1
12 184 1
12 185 1
12 186 1
12 187 1
12 188 1
12 189 1
12 190 1
12 191 1
12 192 1
12 193 1
12 194 1
12 195 1
13 100 1
13 101 1
13 102 1
13 103 1
13 104 1
13 105 1
13 106 1
13 107 1
13 108 1
13 109 1
13 110 1
13 111 1
13 112 1
13 113 1
13 114 1
13 115 1
13 116 1
13 117 1
13 118 1
13 119 1
13 120 1
13 121 1
13 122 1
13 123 1
13 124 1
13 125 1
13 126 1
13 127 1
13 128 1
13 129 1
13 130 1
13 131 1
13 132 1
13 133 1
13 134 1
13 135 1
13 136 1
13 137 1
13 138 1
13 139 1
13 140 1
13 141 1
13 142 1
13 143 1
13 144 1
13 145 1
13 146 1
13 147 1
13 148 1
13 149 1
13 150 1
13 151 1
13 152 1
13 153 1
13 154 1
13 155 1
13 156 1
13 157 1
13 158 1
13 159 1
13 160 1
13 161 1
13 162 1
13 163 1
13 164 1
13 165 1
13 166 1
13 167 1
13 168 1
13 169 1
13 170 1
13 171 1
13 172 1
13 173 1
13 174 1
13 175 1
13 176 1
13 177 1
13 178 1
13 179 1
13 180 1
13 181 1
13 182 1
13 183 1
13 184 1
13 185 1
13 186 1
13 187 1
13 188 1
13 189 1
13 190 1
13 191 1
13 192 1
13 193 1
13 194 1
13 195 1
14 100 1
14 101 1
14 102 1
14 103 1
14 104 1
14 105 1
14 106 1
14 107 1
14 108 1
14 109 1
14 110 1
14 111 1
14 112 1
14 113 1
14 114 1
14 115 1
14 116 1
14 117 1
14 118 1
14 119 1
14 120 1
14 121 1
14 122 1
14 123 1
14 124 1
14 125 1
14 126 1
14 127 1
14 128 1
14 129 1
14 130 1
14 131 1
14 132 1
14 133 1
14 134 1
14 135 1
14 136 1
14 137 1
14 138 1
14 139 1
14 140 1
14 141 1
14 142 1
14 143 1
14 144 1
14 145 1
14 146 1
14 147 1
14 148 1
14 149 1
14 150 1
14 151 1
14 152 1
14 153 1
14 154 1
14 155 1
14 156 1
14 157 1
14 158 1
14 159 1
14 160 1
14 161 1
14 162 1
14 163 1
14 164 1
14 165 1
14 166 1
14 167 1
14 168 1
14 169 1
14 170 1
14 171 1
14 172 1
14 173 1
14 174 1
14 175 1
14 176 1
14 177 1
14 178 1
14 179 1
14 180 1
14 181 1
14 182 1
14 183 1
14 184 1
14 185 1
14 186 1
14 187 1
14 188 1
14 189 1
14 190 1
14 191 1
14 192 1
14 193 1
14 194 1
14 195 1
15 100 1
15 101 1
15 102 1
15 103 1
15 104 1
15 105 1
15 106 1
15 107 1
15 108 1
15 109 1
15 110 1
15 111 1
15 112 1
15 113 1
15 114 1
15 115 1
15 116 1
15 117 1
15 118 1
15 119 1
15 120 1
15 121 1
15 122 1
15 123 1
15 124 1
15 125 1
15 126 1
15 127 1
15 128 1
15 129 1
15 130 1
15 131 1
15 132 1
15 133 1
15 134 1
15 135 1
15 136 1
15 137 1
15 138 1
15 139 1
15 140 1
15 141 1
15 142 1
15 143 1
15 144 1
15 145 1
15 146 1
15 147 1
15 148 1
15 149 1
15 150 1
15 151 1
15 152 1
15 153 1
15 154 1
15 155 1
15 156 1
15 157 1
15 158 1
15 159 1
15 160 1
15 161 1
15 162 1
15 163 1
15 164 1
15 165 1
15 166 1
15 167 1
15 168 1
15 169 1
15 170 1
15 171 1
15 172 1
15 173 1
15 174 1
15 175 1
15 176 1
15 177 1
15 178 1
15 179 1
15 180 1
15 181 1
15 182 1
15 183 1
15 184 1
15 185 1
15 186 1
15 187 1
15 188 1
15 189 1
15 190 1
15 191 1
15 192 1
15 193 1
15 194 1
15 195 1
16 100 1
16 101 1
16 102 1
16 103 1
16 104 1
16 105 1
16 106 1
16 107 1
16 108 1
16 109 1
16 110 1
16 111 1
16 112 1
16 113 1
16 114 1
16 115 1
16 116 1
16 117 1
16 118 1
16 119 1
16 120 1
16 121 1
16 122 1
16 123 1
16 124 1
16 125 1
16 126 1
16 127 1
16 128 1
16 129 1
16 130 1
16 131 1
16 132 1
16 133 1
16 134 1
16 135 1
16 136 1
16 137 1
16 138 1
16 139 1
16 140 1
16 141 1
16 142 1
16 143 1
16 144 1
16 145 1
16 146 1
16 147 1
16 148 1
16 149 1
16 150 1
16 151 1
16 152 1
16 153 1
16 154 1
16 155 1
16 156 1
16 157 1
16 158 1
16 159 1
16 160 1
16 161 1
16 162 1
16 163 1
16 164 1
16 165 1
16 166 1
16 167 1
16 168 1
16 169 1
16 170 1
16 171 1
16 172 1
16 173 1
16 174 1
16 175 1
16 176 1
16 177 1
16 178 1
16 179 1
16 180 1
16 181 1
16 182 1
16 183 1
16 184 1
16 185 1
16 186 1
16 187 1
16 188 1
16 189 1
16 190 1
16 191 1
16 192 1
16 193 1
16 194 1
16 195 1
17 100 1
17 101 1
17 102 1
17 103 1
17 104 1
17 105 1
17 106 1
17 107 1
17 108 1
17 109 1
17 110 1
17 111 1
17 112 1
17 113 1
17 114 1
17 115 1
17 116 1
17 117 1
17 118 1
17 119 1
17 120 1
17 121 1
17 122 1
17 123 1
17 124 1
17 125 1
17 126 1
17 127 1
17 128 1
17 129 1
17 130 1
17 131 1
17 132 1
17 133 1
17 134 1
17 135 1
17 136 1
17 137 1
17 138 1
17 139 1
17 140 1
17 141 1
17 142 1
17 143 1
17 144 1
17 145 1
17 146 1
17 147 1
17 148 1
17 149 1
17 150 1
17 151 1
17 152 1
17 153 1
17 154 1
17 155 1
17 156 1
17 157 1
17 158 1
17 159 1
17 160 1
17 161 1
17 162 1
17 163 1
17 164 1
17 165 1
17 166 1
17 167 1
17 168 1
17 169 1
17 170 1
17 171 1
17 172 1
17 173 1
17 174 1
17 175 1
17 176 1
17 177 1
17 178 1
17 179 1
17 180 1
17 181 1
17 182 1
17 183 1
17 184 1
17 185 1
17 186 1
17 187 1
17 188 1
17 189 1
17 190 1
17 191 1
17 192 1
17 193 1
17 194 1
17 195 1
18 100 1
18 101 1
18 102 1
18 103 1
18 104 1
18 105 1
18 106 1
18 107 1
18 108 1
18 109 1
18 110 1
18 111 1
18 112 1
18 113 1
18 114 1
18 115 1
18 116 1
18 117 1
18 118 1
18 119 1
18 120 1
18 121 1
18 122 1
18 123 1
18 124 1
18 125 1
18 126 1
18 127 1
18 128 1
18 129 1
18 130 1
18 131 1
18 132 1
18 133 1
18 134 1
18 135 1
18 136 1
18 137 1
18 138 1
18 139 1
18 140 1
18 141 1
18 142 1
18 143 1
18 144 1
18 145 1
18 146 1
18 147 1
18 148 1
18 149 1
18 150 1
18 151 1
18 152 1
18 153 1
18 154 1
18 155 1
18 156 1
18 157 1
18 158 1
18 159 1
18 160 1
18 161 1
18 162 1
18 163 1
18 164 1
18 165 1
18 166 1
18 167 1
18 168 1
18 169 1
18 170 1
18 171 1
18 172 1
18 173 1
18 174 1
18 175 1
18 176 1
18 177 1
18 178 1
18 179 1
18 180 1
18 181 1
18 182 1
18 183 1
18 184 1
18 185 1
18 186 1
18 187 1
18 188 1
18 189 1
18 190 1
18 191 1
18 192 1
18 193 1
18 194 1
18 195 1
19 100 1
19 101 1
19 102 1
19 103 1
19 104 1
19 105 1
19 106 1
19 107 1
19 108 1
19 109 1
19 110 1
19 111 1
19 112 1
19 113 1
19 114 1
19 115 1
19 116 1
19 117 1
19 118 1
19 119 1
19 120 1
19 121 1
19 122 1
19 123 1
19 124 1
19 125 1
19 126 1
19 127 1
19 128 1
19 129 1
19 130 1
19 131 1
19 132 1
19 133 1
19 134 1
19 135 1
19 136 1
19 137 1
19 138 1
19 139 1
19 140 1
19 141 1
19 142 1
19 143 1
19 144 1
19 145 1
19 146 1
19 147 1
19 148 1
19 149 1
19 150 1
19 151 1
19 152 1
19 153 1
19 154 1
19 155 1
19 156 1
19 157 1
19 158 1
19 159 1
19 160 1
19 161 1
19 162 1
19 163 1
19 164 1
19 165 1
19 166 1
19 167 1
19 168 1
19 169 1
19 170 1
19 171 1
19 172 1
19 173 1
19 174 1
19 175 1
19 176 1
19 177 1
19 178 1
19 179 1
19 180 1
19 181 1
19 182 1
19 183 1
19 184 1
19 185 1
19 186 1
19 187 1
19 188 1
19 189 1
19 190 1
19 191 1
19 192 1
19 193 1
19 194 1
19 195 1
20 100 1
20 101 1
20 102 1
20 103 1
20 104 1
20 105 1
20 106 1
20 107 1
20 108 1
20 109 1
20 110 1
20 111 1
20 112 1
20 113 1
20 114 1
20 115 1
20 116 1
20 117 1
20 118 1
20 119 1
20 120 1
20 121 1
20 122 1
20 123 1
20 124 1
20 125 1
20 126 1
20 127 1
20 128 1
20 129 1
20 130 1
20 131 1
20 132 1
20 133 1
20 134 1
20 135 1
20 136 1
20 137 1
20 138 1
20 139 1
20 140 1
20 141 1
20 142 1
20 143 1
20 144 1
20 145 1
20 146 1
20 147 1
20 148 1
20 149 1
20 150 1
20 151 1
20 152 1
20 153 1
20 154 1
20 155 1
20 156 1
20 157 1
20 158 1
20 159 1
20 160 1
20 161 1
20 162 1
20 163 1
20 164 1
20 165 1
20 166 1
20 167 1
20 168 1
20 169 1
20 170 1
20 171 1
20 172 1
20 173 1
20 174 1
20 175 1
20 176 1
20 177 1
20 178 1
20 179 1
20 180 1
20 181 1
20 182 1
20 183 1
20 184 1
20 185 1
20 186 1
20 187 1
20 188 1
20 189 1
20 190 1
20 191 1
20 192 1
20 193 1
20 194 1
20 195 1
21 100 1
21 101 1
21 102 1
21 103 1
21 104 1
21 105 1
21 106 1
21 107 1
21 108 1
21 109 1
21 110 1
21 111 1
21 112 1
21 113 1
21 114 1
21 115 1
21 116 1
21 117 1
21 118 1
21 119 1
21 120 1
21 121 1
21 122 1
21 123 1
21 124 1
21 125 1
21 126 1
21 127 1
21 128 1
21 129 1
21 130 1
21 131 1
21 132 1
21 133 1
21 134 1
21 135 1
21 136 1
21 137 1
21 138 1
21 139 1
21 140 1
21 141 1
21 142 1
21 143 1
21 144 1
21 145 1
21 146 1
21 147 1
21 148 1
21 149 1
21 150 1
21 151 1
21 152 1
21 153 1
21 154 1
21 155 1
21 156 1
21 157 1
21 158 1
21 159 1
21 160 1
21 161 1
21 162 1
21 163 1
21 164 1
21 165 1
21 166 1
21 167 1
21 168 1
21 169 1
21 170 1
21 171 1
21 172 1
21 173 1
21 174 1
21 175 1
21 176 1
21 177 1
21 178 1
21 179 1
21 180 1
21 181 1
21 182 1
21 183 1
21 184 1
21 185 1
21 186 1
21 187 1
21 188 1
21 189 1
21 190 1
21 191 1
21 192 1
21 193 1
21 194 1
21 195 1
22 100 1
22 101 1
22 102 1
22 103 1
22 104 1
22 105 1
22 106 1
22 107 1
22 108 1
22 109 1
22 110 1
22 111 1
22 112 1
22 113 1
22 114 1
22 115 1
22 116 1
22 117 1
22 118 1
22 119 1
22 120 1
22 121 1
22 122 1
22 123 1
22 124 1
22 125 1
22 126 1
22 127 1
22 128 1
22 129 1
22 130 1
22 131 1
22 132 1
22 133 1
22 134 1
22 135 1
22 136 1
22 137 1
22 138 1
22 139 1
22 140 1
22 141 1
22 142 1
22 143 1
22 144 1
22 145 1
22 146 1
22 147 1
22 148 1
22 149 1
22 150 1
22 151 1
22 152 1
22 153 1
22 154 1
22 155 1
22 156 1
22 157 1
22 158 1
22 159 1
22 160 1
22 161 1
22 162 1
22 163 1
22 164 1
22 165 1
22 166 1
22 167 1
22 168 1
22 169 1
22 170 1
22 171 1
22 172 1
22 173 1
22 174 1
22 175 1
22 176 1
22 177 1
22 178 1
22 179 1
22 180 1
22 181 1
22 182 1
22 183 1
22 184 1
22 185 1
22 186 1
22 187 1
22 188 1
22 189 1
22 190 1
22 191 1
22 192 1
22 193 1
22 194 1
22 195 1
23 100 1
23 101 1
23 102 1
23 103 1
23 104 1
23 105 1
23 106 1
23 107 1
23 108 1
23 109 1
23 110 1
23 111 1
23 112 1
23 113 1
23 114 1
23 115 1
23 116 1
23 117 1
23 118 1
23 119 1
23 120 1
23 121 1
23 122 1
23 123 1
23 124 1
23 125 1
23 126 1
23 127 1
23 128 1
23 129 1
23 130 1
23 131 1
23 132 1
23 133 1
23 134 1
23 135 1
23 136 1
23 137 1
23 138 1
23 139 1
23 140 1
23 141 1
23 142 1
23 143 1
23 144 1
23 145 1
23 146 1
23 147 1
23 148 1
23 149 1
23 150 1
23 151 1
23 152 1
23 153 1
23 154 1
23 155 1
23 156 1
23 157 1
23 158 1
23 159 1
23 160 1
23 161 1
23 162 1
23 163 1
23 164 1
23 165 1
23 166 1
23 167 1
23 168 1
23 169 1
23 170 1
23 171 1
23 172 1
23 173 1
23 174 1
23 175 1
23 176 1
23 177 1
23 178 1
23 179 1
23 180 1
23 181 1
23 182 1
23 183 1
23 184 1
23 185 1
23 186 1
23 187 1
23 188 1
23 189 1
23 190 1
23 191 1
23 192 1
23 193 1
23 194 1
23 195 1
24 100 1
24 101 1
24 102 1
24 103 1
24 104 1
24 105 1
24 106 1
24 107 1
24 108 1
24 109 1
24 110 1
24 111 1
24 112 1
24 113 1
24 114 1
24 115 1
24 116 1
24 117 1
24 118 1
24 119 1
24 120 1
24 121 1
24 122 1
24 123 1
24 124 1
24 125 1
24 126 1
24 127 1
24 128 1
24 129 1
24 130 1
24 131 1
24 132 1
24 133 1
24 134 1
24 135 1
24 136 1
24 137 1
24 138 1
24 139 1
24 140 1
24 141 1
24 142 1
24 143 1
24 144 1
24 145 1
24 146 1
24 147 1
24 148 1
24 149 1
24 150 1
24 151 1
24 152 1
24 153 1
24 154 1
24 155 1
24 156 1
24 157 1
24 158 1
24 159 1
24 160 1
24 161 1
24 162 1
24 163 1
24 164 1
24 165 1
24 166 1
24 167 1
24 168 1
24 169 1
24 170 1
24 171 1
24 172 1
24 173 1
24 174 1
24 175 1
24 176 1
24 177 1
24 178 1
24 179 1
24 180 1
24 181 1
24 182 1
24 183 1
24 184 1
24 185 1
24 186 1
24 187 1
24 188 1
24 189 1
24 190 1
24 191 1
24 192 1
24 193 1
24 194 1
24 195 1
25 100 1
25 101 1
25 102 1
25 103 1
25 104 1
25 105 1
25 106 1
25 107 1
25 108 1
25 109 1
25 110 1
25 111 1
25 112 1
25 113 1
25 114 1
25 115 1
25 116 1
25 117 1
25 118 1
25 119 1
25 120 1
25 121 1
25 122 1
25 123 1
25 124 1
25 125 1
25 126 1
25 127 1
25 128 1
25 129 1
25 130 1
25 131 1
25 132 1
25 133 1
25 134 1
25 135 1
25 136 1
25 137 1
25 138 1
25 139 1
25 140 1
25 141 1
25 142 1
25 143 1
25 144 1
25 145 1
25 146 1
25 147 1
25 148 1
25 149 1
25 150 1
25 151 1
25 152 1
25 153 1
25 154 1
25 155 1
25 156 1
25 157 1
25 158 1
25 159 1
25 160 1
25 161 1
25 162 1
25 163 1
25 164 1
25 165 1
25 166 1
25 167 1
25 168 1
25 169 1
25 170 1
25 171 1
25 172 1
25 173 1
25 174 1
25 175 1
25 176 1
25 177 1
25 178 1
25 179 1
25 180 1
25 181 1
25 182 1
25 183 1
25 184 1
25 185 1
25 186 1
25 187 1
25 188 1
25 189 1
25 190 1
25 191 1
25 192 1
25 193 1
25 194 1
25 195 1
26 100 1
26 101 1
26 102 1
26 103 1
26 104 1
26 105 1
26 106 1
26 107 1
26 108 1
26 109 1
26 110 1
26 111 1
26 112 1
26 113 1
26 114 1
26 115 1
26 116 1
26 117 1
26 118 1
26 119 1
26 120 1
26 121 1
26 122 1
26 123 1
26 124 1
26 125 1
26 126 1
26 127 1
26 128 1
26 129 1
26 130 1
26 131 1
26 132 1
26 133 1
26 134 1
26 135 1
26 136 1
26 137 1
26 138 1
26 139 1
26 140 1
26 141 1
26 142 1
26 143 1
26 144 1
26 145 1
26 146 1
26 147 1
26 148 1
26 149 1
26 150 1
26 151 1
26 152 1
26 153 1
26 154 1
26 155 1
26 156 1
26 157 1
26 158 1
26 159 1
26 160 1
26 161 1
26 162 1
26 163 1
26 164 1
26 165 1
26 166 1
26 167 1
26 168 1
26 169 1
26 170 1
26 171 1
26 172 1
26 173 1
26 174 1
26 175 1
26 176 1
26 177 1
26 178 1
26 179 1
26 180 1
26 181 1
26 182 1
26 183 1
26 184 1
26 185 1
26 186 1
26 187 1
26 188 1
26 189 1
26 190 1
26 191 1
26 192 1
26 193 1
26 194 1
26 195 1
27 100 1
27 101 1
27 102 1
27 103 1
27 104 1
27 105 1
27 106 1
27 107 1
27 108 1
27 109 1
27 110 1
27 111 1
27 112 1
27 113 1
27 114 1
27 115 1
27 116 1
27 117 1
27 118 1
27 119 1
27 120 1
27 121 1
27 122 1
27 123 1
27 124 1
27 125 1
27 126 1
27 127 1
27 128 1
27 129 1
27 130 1
27 131 1
27 132 1
27 133 1
27 134 1
27 135 1
27 136 1
27 137 1
27 138 1
27 139 1
27 140 1
27 141 1
27 142 1
27 143 1
27 144 1
27 145 1
27 146 1
27 147 1
27 148 1
27 149 1
27 150 1
27 151 1
27 152 1
27 153 1
27 154 1
27 155 1
27 156 1
27 157 1
27 158 1
27 159 1
27 160 1
27 161 1
27 162 1
27 163 1
27 164 1
27 165 1
27 166 1
27 167 1
27 168 1
27 169 1
27 170 1
27 171 1
27 172 1
27 173 1
27 174 1
27 175 1
27 176 1
27 177 1
27 178 1
27 179 1
27 180 1
27 181 1
27 182 1
27 183 1
27 184 1
27 185 1
27 186 1
27 187 1
27 188 1
27 189 1
27 190 1
27 191 1
27 192 1
27 193 1
27 194 1
27 195 1
28 100 1
28 101 1
28 102 1
28 103 1
28 104 1
28 105 1
28 106 1
28 107 1
28 108 1
28 109 1
28 110 1
28 111 1
28 112 1
28 113 1
28 114 1
28 115 1
28 116 1
28 117 1
28 118 1
28 119 1
28 120 1
28 121 1
28 122 1
28 123 1
28 124 1
28 125 1
28 126 1
28 127 1
28 128 1
28 129 1
28 130 1
28 131 1
28 132 1
28 133 1
28 134 1
28 135 1
28 136 1
28 137 1
28 138 1
28 139 1
28 140 1
28 141 1
28 142 1
28 143 1
28 144 1
28 145 1
28 146 1
28 147 1
28 148 1
28 149 1
28 150 1
28 151 1
28 152 1
28 153 1
28 154 1
28 155 1
28 156 1
28 157 1
28 158 1
28 159 1
28 160 1
28 161 1
28 162 1
28 163 1
28 164 1
28 165 1
28 166 1
28 167 1
28 168 1
28 169 1
28 170 1
28 171 1
28 172 1
28 173 1
28 174 1
28 175 1
28 176 1
28 177 1
28 178 1
28 179 1
28 180 1
28 181 1
28 182 1
28 183 1
28 184 1
28 185 1
28 186 1
28 187 1
28 188 1
28 189 1
28 190 1
28 191 1
28 192 1
28 193 1
28 194 1
28 195 1
29 100 1
29 101 1
29 102 1
29 103 1
29 104 1
29 105 1
29 106 1
29 107 1
29 108 1
29 109 1
29 110 1
29 111 1
29 112 1
29 113 1
29 114 1
29 115 1
29 116 1
29 117 1
29 118 1
29 119 1
29 120 1
29 121 1
29 122 1
29 123 1
29 124 1
29 125 1
29 126 1
29 127 1
29 128 1
29 129 1
29 130 1
29 131 1
29 132 1
29 133 1
29 134 1
29 135 1
29 136 1
29 137 1
29 138 1
29 139 1
29 140 1
29 141 1
29 142 1
29 143 1
29 144 1
29 145 1
29 146 1
29 147 1
29 148 1
29 149 1
29 150 1
29 151 1
29 152 1
29 153 1
29 154 1
29 155 1
29 156 1
29 157 1
29 158 1
29 159 1
29 160 1
29 161 1
29 162 1
29 163 1
29 164 1
29 165 1
29 166 1
29 167 1
29 168 1
29 169 1
29 170 1
29 171 1
29 172 1
29 173 1
29 174 1
29 175 1
29 176 1
29 177 1
29 178 1
29 179 1
29 180 1
29 181 1
29 182 1
29 183 1
29 184 1
29 185 1
29 186 1
29 187 1
29 188 1
29 189 1
29 190 1
29 191 1
29 192 1
29 193 1
29 194 1
29 195 1
30 100 1
30 101 1
30 102 1
30 103 1
30 104 1
30 105 1
30 106 1
30 107 1
30 108 1
30 109 1
30 110 1
30 111 1
30 112 1
30 113 1
30 114 1
30 115 1
30 116 1
30 117 1
30 118 1
30 119 1
30 120 1
30 121 1
30 122 1
30 123 1
30 124 1
30 125 1
30 126 1
30 127 1
30 128 1
30 129 1
30 130 1
30 131 1
30 132 1
30 133 1
30 134 1
30 135 1
30 136 1
30 137 1
30 138 1
30 139 1
30 140 1
30 141 1
30 142 1
30 143 1
30 144 1
30 145 1
30 146 1
30 147 1
30 148 1
30 149 1
30 150 1
30 151 1
30 152 1
30 153 1
30 154 1
30 155 1
30 156 1
30 157 1
30 158 1
30 159 1
30 160 1
30 161 1
30 162 1
30 163 1
30 164 1
30 165 1
30 166 1
30 167 1
30 168 1
30 169 1
30 170 1
30 171 1
30 172 1
30 173 1
30 174 1
30 175 1
30 176 1
30 177 1
30 178 1
30 179 1
30 180 1
30 181 1
30 182 1
30 183 1
30 184 1
30 185 1
30 186 1
30 187 1
30 188 1
30 189 1
30 190 1
30 191 1
30 192 1
30 193 1
30 194 1
30 195 1
31 100 1
31 101 1
31 102 1
31 103 1
31 104 1
31 105 1
31 106 1
31 107 1
31 108 1
31 109 1
31 110 1
31 111 1
31 112 1
31 113 1
31 114 1
31 115 1
31 116 1
31 117 1
31 118 1
31 119 1
31 120 1
31 121 1
31 122 1
31 123 1
31 124 1
31 125 1
31 126 1
31 127 1
31 128 1
31 129 1
31 130 1
31 131 1
31 132 1
31 133 1
31 134 1
31 135 1
31 136 1
31 137 1
31 138 1
31 139 1
31 140 1
31 141 1
31 142 1
31 143 1
31 144 1
31 145 1
31 146 1
31 147 1
31 148 1
31 149 1
31 150 1
31 151 1
31 152 1
31 153 1
31 154 1
31 155 1
31 156 1
31 157 1
31 158 1
31 159 1
31 160 1
31 161 1
31 162 1
31 163 1
31 164 1
31 165 1
31 166 1
31 167 1
31 168 1
31 169 1
31 170 1
31 171 1
31 172 1
31 173 1
31 174 1
31 175 1
31 176 1
31 177 1
31 178 1
31 179 1
31 180 1
31 181 1
31 182 1
31 183 1
31 184 1
31 185 1
31 186 1
31 187 1
31 188 1
31 189 1
31 190 1
31 191 1
31 192 1
31 193 1
31 194 1
31 195 1
32 100 1
32 101 1
32 102 1
32 103 1
32 104 1
32 105 1
32 106 1
32 107 1
32 108 1
32 109 1
32 110 1
32 111 1
32 112 1
32 113 1
32 114 1
32 115 1
32 116 1
32 117 1
32 118 1
32 119 1
32 120 1
32 121 1
32 122 1
32 123 1
32 124 1
32 125 1
32 126 1
32 127 1
32 128 1
32 129 1
32 130 1
32 131 1
32 132 1
32 133 1
32 134 1
32 135 1
32 136 1
32 137 1
32 138 1
32 139 1
32 140 1
32 141 1
32 142 1
32 143 1
32 144 1
32 145 1
32 146 1
32 147 1
32 148 1
32 149 1
32 150 1
32 151 1
32 152 1
32 153 1
32 154 1
32 155 1
32 156 1
32 157 1
32 158 1
32 159 1
32 160 1
32 161 1
32 162 1
32 163 1
32 164 1
32 165 1
32 166 1
32 167 1
32 168 1
32 169 1
32 170 1
32 171 1
32 172 1
32 173 1
32 174 1
32 175 1
32 176 1
32 177 1
32 178 1
32 179 1
32 180 1
32 181 1
32 182 1
32 183 1
32 184 1
32 185 1
32 186 1
32 187 1
32 188 1
32 189 1
32 190 1
32 191 1
32 192 1
32 193 1
32 194 1
32 195 1
33 100 1
33 101 1
33 102 1
33 103 1
33 104 1
33 105 1
33 106 1
33 107 1
33 108 1
33 109 1
33 110 1
33 111 1
33 112 1
33 113 1
33 114 1
33 115 1
33 116 1
33 117 1
33 118 1
33 119 1
33 120 1
33 121 1
33 122 1
33 123 1
33 124 1
33 125 1
33 126 1
33 127 1
33 128 1
33 129 1
33 130 1
33 131 1
33 132 1
33 133 1
33 134 1
33 135 1
33 136 1
33 137 1
33 138 1
33 139 1
33 140 1
33 141 1
33 142 1
33 143 1
33 144 1
33 145 1
33 146 1
33 147 1
33 148 1
33 149 1
33 150 1
33 151 1
33 152 1
33 153 1
33 154 1
33 155 1
33 156 1
33 157 1
33 158 1
33 159 1
33 160 1
33 161 1
33 162 1
33 163 1
33 164 1
33 165 1
33 166 1
33 167 1
33 168 1
33 169 1
33 170 1
33 171 1
33 172 1
33 173 1
33 174 1
33 175 1
33 176 1
33 177 1
33 178 1
33 179 1
33 180 1
33 181 1
33 182 1
33 183 1
33 184 1
33 185 1
33 186 1
33 187 1
33 188 1
33 189 1
33 190 1
33 191 1
33 192 1
33 193 1
33 194 1
33 195 1
34 100 1
34 101 1
34 102 1
34 103 1
34 104 1
34 105 1
34 106 1
34 107 1
34 108 1
34 109 1
34 110 1
34 111 1
34 112 1
34 113 1
34 114 1
34 115 1
34 116 1
34 117 1
34 118 1
34 119 1
34 120 1
34 121 1
34 122 1
34 123 1
34 124 1
34 125 1
34 126 1
34 127 1
34 128 1
34 129 1
34 130 1
34 131 1
34 132 1
34 133 1
34 134 1
34 135 1
34 136 1
34 137 1
34 138 1
34 139 1
34 140 1
34 141 1
34 142 1
34 143 1
34 144 1
34 145 1
34 146 1
34 147 1
34 148 1
34 149 1
34 150 1
34 151 1
34 152 1
34 153 1
34 154 1
34 155 1
34 156 1
34 157 1
34 158 1
34 159 1
34 160 1
34 161 1
34 162 1
34 163 1
34 164 1
34 165 1
34 166 1
34 167 1
34 168 1
34 169 1
34 170 1
34 171 1
34 172 1
34 173 1
34 174 1
34 175 1
34 176 1
34 177 1
34 178 1
34 179 1
34 180 1
34 181 1
34 182 1
34 183 1
34 184 1
34 185 1
34 186 1
34 187 1
34 188 1
34 189 1
34 190 1
34 191 1
34 192 1
34 193 1
34 194 1
34 195 1
35 100 1
35 101 1
35 102 1
35 103 1
35 104 1
35 105 1
35 106 1
35 107 1
35 108 1
35 109 1
35 110 1
35 111 1
35 112 1
35 113 1
35 114 1
35 115 1
35 116 1
35 117 1
35 118 1
35 119 1
35 120 1
35 121 1
35 122 1
35 123 1
35 124 1
35 125 1
35 126 1
35 127 1
35 128 1
35 129 1
35 130 1
35 131 1
35 132 1
35 133 1
35 134 1
35 135 1
35 136 1
35 137 1
35 138 1
35 139 1
35 140 1
35 141 1
35 142 1
35 143 1
35 144 1
35 145 1
35 146 1
35 147 1
35 148 1
35 149 1
35 150 1
35 151 1
35 152 1
35 153 1
35 154 1
35 155 1
35 156 1
35 157 1
35 158 1
35 159 1
35 160 1
35 161 1
35 162 1
35 163 1
35 164 1
35 165 1
35 166 1
35 167 1
35 168 1
35 169 1
35 170 1
35 171 1
35 172 1
35 173 1
35 174 1
35 175 1
35 176 1
35 177 1
35 178 1
35 179 1
35 180 1
35 181 1
35 182 1
35 183 1
35 184 1
35 185 1
35 186 1
35 187 1
35 188 1
35 189 1
35 190 1
35 191 1
35 192 1
35 193 1
35 194 1
35 195 1
36 100 1
36 101 1
36 102 1
36 103 1
36 104 1
36 105 1
36 106 1
36 107 1
36 108 1
36 109 1
36 110 1
36 111 1
36 112 1
36 113 1
36 114 1
36 115 1
36 116 1
36 117 1
36 118 1
36 119 1
36 120 1
36 121 1
36 122 1
36 123 1
36 124 1
36 125 1
36 126 1
36 127 1
36 128 1
36 129 1
36 130 1
36 131 1
36 132 1
36 133 1
36 134 1
36 135 1
36 136 1
36 137 1
36 138 1
36 139 1
36 140 1
36 141 1
36 142 1
36 143 1
36 144 1
36 145 1
36 146 1
36 147 1
36 148 1
36 149 1
36 150 1
36 151 1
36 152 1
36 153 1
36 154 1
36 155 1
36 156 1
36 157 1
36 158 1
36 159 1
36 160 1
36 161 1
36 162 1
36 163 1
36 164 1
36 165 1
36 166 1
36 167 1
36 168 1
36 169 1
36 170 1
36 171 1
36 172 1
36 173 1
36 174 1
36 175 1
36 176 1
36 177 1
36 178 1
36 179 1
36 180 1
36 181 1
36 182 1
36 183 1
36 184 1
36 185 1
36 186 1
36 187 1
36 188 1
36 189 1
36 190 1
36 191 1
36 192 1
36 193 1
36 194 1
36 195 1
37 100 1
37 101 1
37 102 1
37 103 1
37 104 1
37 105 1
37 106 1
37 107 1
37 108 1
37 109 1
37 110 1
37 111 1
37 112 1
37 113 1
37 114 1
37 115 1
37 116 1
37 117 1
37 118 1
37 119 1
37 120 1
37 121 1
37 122 1
37 123 1
37 124 1
37 125 1
37 126 1
37 127 1
37 128 1
37 129 1
37 130 1
37 131 1
37 132 1
37 133 1
37 134 1
37 135 1
37 136 1
37 137 1
37 138 1
37 139 1
37 140 1
37 141 1
37 142 1
37 143 1
37 144 1
37 145 1
37 146 1
37 147 1
37 148 1
37 149 1
37 150 1
37 151 1
37 152 1
37 153 1
37 154 1
37 155 1
37 156 1
37 157 1
37 158 1
37 159 1
37 160 1
37 161 1
37 162 1
37 163 1
37 164 1
37 165 1
37 166 1
37 167 1
37 168 1
37 169 1
37 170 1
37 171 1
37 172 1
37 173 1
37 174 1
37 175 1
37 176 1
37 177 1
37 178 1
37 179 1
37 180 1
37 181 1
37 182 1
37 183 1
37 184 1
37 185 1
37 186 1
37 187 1
37 188 1
37 189 1
37 190 1
37 191 1
37 192 1
37 193 1
37 194 1
37 195 1
38 100 1
38 101 1
38 102 1
38 103 1
38 104 1
38 105 1
38 106 1
38 107 1
38 108 1
38 109 1
38 110 1
38 111 1
38 112 1
38 113 1
38 114 1
38 115 1
38 116 1
38 117 1
38 118 1
38 119 1
38 120 1
38 121 1
38 122 1
38 123 1
38 124 1
38 125 1
38 126 1
38 127 1
38 128 1
38 129 1
38 130 1
38 131 1
38 132 1
38 133 1
38 134 1
38 135 1
38 136 1
38 137 1
38 138 1
38 139 1
38 140 1
38 141 1
38 142 1
38 143 1
38 144 1
38 145 1
38 146 1
38 147 1
38 148 1
38 149 1
38 150 1
38 151 1
38 152 1
38 153 1
38 154 1
38 155 1
38 156 1
38 157 1
38 158 1
38 159 1
38 160 1
38 161 1
38 162 1
38 163 1
38 164 1
38 165 1
38 166 1
38 167 1
38 168 1
38 169 1
38 170 1
38 171 1
38 172 1
38 173 1
38 174 1
38 175 1
38 176 1
38 177 1
38 178 1
38 179 1
38 180 1
38 181 1
38 182 1
38 183 1
38 184 1
38 185 1
38 186 1
38 187 1
38 188 1
38 189 1
38 190 1
38 191 1
38 192 1
38 193 1
38 194 1
38 195 1
39 100 1
39 101 1
39 102 1
39 103 1
39 104 1
39 105 1
39 106 1
39 107 1
39 108 1
39 109 1
39 110 1
39 111 1
39 112 1
39 113 1
39 114 1
39 115 1
39 116 1
39 117 1
39 118 1
39 119 1
39 120 1
39 121 1
39 122 1
39 123 1
39 124 1
39 125 1
39 126 1
39 127 1
39 128 1
39 129 1
39 130 1
39 131 1
39 132 1
39 133 1
39 134 1
39 135 1
39 136 1
39 137 1
39 138 1
39 139 1
39 140 1
39 141 1
39 142 1
39 143 1
39 144 1
39 145 1
39 146 1
39 147 1
39 148 1
39 149 1
39 150 1
39 151 1
39 152 1
39 153 1
39 154 1
39 155 1
39 156 1
39 157 1
39 158 1
39 159 1
39 160 1
39 161 1
39 162 1
39 163 1
39 164 1
39 165 1
39 166 1
39 167 1
39 168 1
39 169 1
39 170 1
39 171 1
39 172 1
39 173 1
39 174 1
39 175 1
39 176 1
39 177 1
39 178 1
39 179 1
39 180 1
39 181 1
39 182 1
39 183 1
39 184 1
39 185 1
39 186 1
39 187 1
39 188 1
39 189 1
39 190 1
39 191 1
39 192 1
39 193 1
39 194 1
39 195 1
40 100 1
40 101 1
40 102 1
40 103 1
40 104 1
40 105 1
40 106 1
40 107 1
40 108 1
40 109 1
40 110 1
40 111 1
40 112 1
40 113 1
40 114 1
40 115 1
40 116 1
40 117 1
40 118 1
40 119 1
40 120 1
40 121 1
40 122 1
40 123 1
40 124 1
40 125 1
40 126 1
40 127 1
40 128 1
40 129 1
40 130 1
40 131 1
40 132 1
40 133 1
40 134 1
40 135 1
40 136 1
40 137 1
40 138 1
40 139 1
40 140 1
40 141 1
40 142 1
40 143 1
40 144 1
40 145 1
40 146 1
40 147 1
40 148 1
40 149 1
40 150 1
40 151 1
40 152 1
40 153 1
40 154 1
40 155 1
40 156 1
40 157 1
40 158 1
40 159 1
40 160 1
40 161 1
40 162 1
40 163 1
40 164 1
40 165 1
40 166 1
40 167 1
40 168 1
40 169 1
40 170 1
40 171 1
40 172 1
40 173 1
40 174 1
40 175 1
40 176 1
40 177 1
40 178 1
40 179 1
40 180 1
40 181 1
40 182 1
40 183 1
40 184 1
40 185 1
40 186 1
40 187 1
40 188 1
40 189 1
40 190 1
40 191 1
40 192 1
40 193 1
40 194 1
40 195 1
41 100 1
41 101 1
41 102 1
41 103 1
41 104 1
41 105 1
41 106 1
41 107 1
41 108 1
41 109 1
41 110 1
41 111 1
41 112 1
41 113 1
41 114 1
41 115 1
41 116 1
41 117 1
41 118 1
41 119 1
41 120 1
41 121 1
41 122 1
41 123 1
41 124 1
41 125 1
41 126 1
41 127 1
41 128 1
41 129 1
41 130 1
41 131 1
41 132 1
41 133 1
41 134 1
41 135 1
41 136 1
41 137 1
41 138 1
41 139 1
41 140 1
41 141 1
41 142 1
41 143 1
41 144 1
41 145 1
41 146 1
41 147 1
41 148 1
41 149 1
41 150 1
41 151 1
41 152 1
41 153 1
41 154 1
41 155 1
41 156 1
41 157 1
41 158 1
41 159 1
41 160 1
41 161 1
41 162 1
41 163 1
41 164 1
41 165 1
41 166 1
41 167 1
41 168 1
41 169 1
41 170 1
41 171 1
41 172 1
41 173 1
41 174 1
41 175 1
41 176 1
41 177 1
41 178 1
41 179 1
41 180 1
41 181 1
41 182 1
41 183 1
41 184 1
41 185 1
41 186 1
41 187 1
41 188 1
41 189 1
41 190 1
41 191 1
41 192 1
41 193 1
41 194 1
41 195 1
42 100 1
42 101 1
42 102 1
42 103 1
42 104 1
42 105 1
42 106 1
42 107 1
42 108 1
42 109 1
42 110 1
42 111 1
42 112 1
42 113 1
42 114 1
42 115 1
42 116 1
42 117 1
42 118 1
42 119 1
42 120 1
42 121 1
42 122 1
42 123 1
42 124 1
42 125 1
42 126 1
42 127 1
42 128 1
42 129 1
42 130 1
42 131 1
42 132 1
42 133 1
42 134 1
42 135 1
42 136 1
42 137 1
42 138 1
42 139 1
42 140 1
42 141 1
42 142 1
42 143 1
42 144 1
42 145 1
42 146 1
42 147 1
42 148 1
42 149 1
42 150 1
42 151 1
42 152 1
42 153 1
42 154 1
42 155 1
42 156 1
42 157 1
42 158 1
42 159 1
42 160 1
42 161 1
42 162 1
42 163 1
42 164 1
42 165 1
42 166 1
42 167 1
42 168 1
42 169 1
42 170 1
42 171 1
42 172 1
42 173 1
42 174 1
42 175 1
42 176 1
42 177 1
42 178 1
42 179 1
42 180 1
42 181 1
42 182 1
42 183 1
42 184 1
42 185 1
42 186 1
42 187 1
42 188 1
42 189 1
42 190 1
42 191 1
42 192 1
42 193 1
42 194 1
42 195 1
43 100 1
43 101 1
43 102 1
43 103 1
43 104 1
43 105 1
43 106 1
43 107 1
43 108 1
43 109 1
43 110 1
43 111 1
43 112 1
43 113 1
43 114 1
43 115 1
43 116 1
43 117 1
43 118 1
43 119 1
43 120 1
43 121 1
43 122 1
43 123 1
43 124 1
43 125 1
43 126 1
43 127 1
43 128 1
43 129 1
43 130 1
43 131 1
43 132 1
43 133 1
43 134 1
43 135 1
43 136 1
43 137 1
43 138 1
43 139 1
43 140 1
43 141 1
43 142 1
43 143 1
43 144 1
43 145 1
43 146 1
43 147 1
43 148 1
43 149 1
43 150 1
43 151 1
43 152 1
43 153 1
43 154 1
43 155 1
43 156 1
43 157 1
43 158 1
43 159 1
43 160 1
43 161 1
43 162 1
43 163 1
43 164 1
43 165 1
43 166 1
43 167 1
43 168 1
43 169 1
43 170 1
43 171 1
43 172 1
43 173 1
43 174 1
43 175 1
43 176 1
43 177 1
43 178 1
43 179 1
43 180 1
43 181 1
43 182 1
43 183 1
43 184 1
43 185 1
43 186 1
43 187 1
43 188 1
43 189 1
43 190 1
43 191 1
43 192 1
43 193 1
43 194 1
43 195 1
44 100 1
44 101 1
44 102 1
44 103 1
44 104 1
44 105 1
44 106 1
44 107 1
44 108 1
44 109 1
44 110 1
44 111 1
44 112 1
44 113 1
44 114 1
44 115 1
44 116 1
44 117 1
44 118 1
44 119 1
44 120 1
44 121 1
44 122 1
44 123 1
44 124 1
44 125 1
44 126 1
44 127 1
44 128 1
44 129 1
44 130 1
44 131 1
44 132 1
44 133 1
44 134 1
44 135 1
44 136 1
44 137 1
44 138 1
44 139 1
44 140 1
44 141 1
44 142 1
44 143 1
44 144 1
44 145 1
44 146 1
44 147 1
44 148 1
44 149 1
44 150 1
44 151 1
44 152 1
44 153 1
44 154 1
44 155 1
44 156 1
44 157 1
44 158 1
44 159 1
44 160 1
44 161 1
44 162 1
44 163 1
44 164 1
44 165 1
44 166 1
44 167 1
44 168 1
44 169 1
44 170 1
44 171 1
44 172 1
44 173 1
44 174 1
44 175 1
44 176 1
44 177 1
44 178 1
44 179 1
44 180 1
44 181 1
44 182 1
44 183 1
44 184 1
44 185 1
44 186 1
44 187 1
44 188 1
44 189 1
44 190 1
44 191 1
44 192 1
44 193 1
44 194 1
44 195 1
45 100 1
45 101 1
45 102 1
45 103 1
45 104 1
45 105 1
45 106 1
45 107 1
45 108 1
45 109 1
45 110 1
45 111 1
45 112 1
45 113 1
45 114 1
45 115 1
45 116 1
45 117 1
45 118 1
45 119 1
45 120 1
45 121 1
45 122 1
45 123 1
45 124 1
45 125 1
45 126 1
45 127 1
45 128 1
45 129 1
45 130 1
45 131 1
45 132 1
45 133 1
45 134 1
45 135 1
45 136 1
45 137 1
45 138 1
45 139 1
45 140 1
45 141 1
45 142 1
45 143 1
45 144 1
45 145 1
45 146 1
45 147 1
45 148 1
45 149 1
45 150 1
45 151 1
45 152 1
45 153 1
45 154 1
45 155 1
45 156 1
45 157 1
45 158 1
45 159 1
45 160 1
45 161 1
45 162 1
45 163 1
45 164 1
45 165 1
45 166 1
45 167 1
45 168 1
45 169 1
45 170 1
45 171 1
45 172 1
45 173 1
45 174 1
45 175 1
45 176 1
45 177 1
45 178 1
45 179 1
45 180 1
45 181 1
45 182 1
45 183 1
45 184 1
45 185 1
45 186 1
45 187 1
45 188 1
45 189 1
45 190 1
45 191 1
45 192 1
45 193 1
45 194 1
45 195 1
46 100 1
46 101 1
46 102 1
46 103 1
46 104 1
46 105 1
46 106 1
46 107 1
46 108 1
46 109 1
46 110 1
46 111 1
46 112 1
46 113 1
46 114 1
46 115 1
46 116 1
46 117 1
46 118 1
46 119 1
46 120 1
46 121 1
46 122 1
46 123 1
46 124 1
46 125 1
46 126 1
46 127 1
46 128 1
46 129 1
46 130 1
46 131 1
46 132 1
46 133 1
46 134 1
46 135 1
46 136 1
46 137 1
46 138 1
46 139 1
46 140 1
46 141 1
46 142 1
46 143 1
46 144 1
46 145 1
46 146 1
46 147 1
46 148 1
46 149 1
46 150 1
46 151 1
46 152 1
46 153 1
46 154 1
46 155 1
46 156 1
46 157 1
46 158 1
46 159 1
46 160 1
46 161 1
46 162 1
46 163 1
46 164 1
46 165 1
46 166 1
46 167 1
46 168 1
46 169 1
46 170 1
46 171 1
46 172 1
46 173 1
46 174 1
46 175 1
46 176 1
46 177 1
46 178 1
46 179 1
46 180 1
46 181 1
46 182 1
46 183 1
46 184 1
46 185 1
46 186 1
46 187 1
46 188 1
46 189 1
46 190 1
46 191 1
46 192 1
46 193 1
46 194 1
46 195 1
47 100 1
47 101 1
47 102 1
47 103 1
47 104 1
47 105 1
47 106 1
47 107 1
47 108 1
47 109 1
47 110 1
47 111 1
47 112 1
47 113 1
47 114 1
47 115 1
47 116 1
47 117 1
47 118 1
47 119 1
47 120 1
47 121 1
47 122 1
47 123 1
47 124 1
47 125 1
47 126 1
47 127 1
47 128 1
47 129 1
47 130 1
47 131 1
47 132 1
47 133 1
47 134 1
47 135 1
47 136 1
47 137 1
47 138 1
47 139 1
47 140 1
47 141 1
47 142 1
47 143 1
47 144 1
47 145 1
47 146 1
47 147 1
47 148 1
47 149 1
47 150 1
47 151 1
47 152 1
47 153 1
47 154 1
47 155 1
47 156 1
47 157 1
47 158 1
47 159 1
47 160 1
47 161 1
47 162 1
47 163 1
47 164 1
47 165 1
47 166 1
47 167 1
47 168 1
47 169 1
47 170 1
47 171 1
47 172 1
47 173 1
47 174 1
47 175 1
47 176 1
47 177 1
47 178 1
47 179 1
47 180 1
47 181 1
47 182 1
47 183 1
47 184 1
47 185 1
47 186 1
47 187 1
47 188 1
47 189 1
47 190 1
47 191 1
47 192 1
47 193 1
47 194 1
47 195 1
48 100 1
48 101 1
48 102 1
48 103 1
48 104 1
48 105 1
48 106 1
48 107 1
48 108 1
48 109 1
48 110 1
48 111 1
48 112 1
48 113 1
48 114 1
48 115 1
48 116 1
48 117 1
48 118 1
48 119 1
48 120 1
48 121 1
48 122 1
48 123 1
48 124 1
48 125 1
48 126 1
48 127 1
48 128 1
48 129 1
48 130 1
48 131 1
48 132 1
48 133 1
48 134 1
48 135 1
48 136 1
48 137 1
48 138 1
48 139 1
48 140 1
48 141 1
48 142 1
48 143 1
48 144 1
48 145 1
48 146 1
48 147 1
48 148 1
48 149 1
48 150 1
48 151 1
48 152 1
48 153 1
48 154 1
48 155 1
48 156 1
48 157 1
48 158 1
48 159 1
48 160 1
48 161 1
48 162 1
48 163 1
48 164 1
48 165 1
48 166 1
48 167 1
48 168 1
48 169 1
48 170 1
48 171 1
48 172 1
48 173 1
48 174 1
48 175 1
48 176 1
48 177 1
48 178 1
48 179 1
48 180 1
48 181 1
48 182 1
48 183 1
48 184 1
48 185 1
48 186 1
48 187 1
48 188 1
48 189 1
48 190 1
48 191 1
48 192 1
48 193 1
48 194 1
48 195 1
49 100 1
49 101 1
49 102 1
49 103 1
49 104 1
49 105 1
49 106 1
49 107 1
49 108 1
49 109 1
49 110 1
49 111 1
49 112 1
49 113 1
49 114 1
49 115 1
49 116 1
49 117 1
49 118 1
49 119 1
49 120 1
49 121 1
49 122 1
49 123 1
49 124 1
49 125 1
49 126 1
49 127 1
49 128 1
49 129 1
49 130 1
49 131 1
49 132 1
49 133 1
49 134 1
49 135 1
49 136 1
49 137 1
49 138 1
49 139 1
49 140 1
49 141 1
49 142 1
49 143 1
49 144 1
49 145 1
49 146 1
49 147 1
49 148 1
49 149 1
49 150 1
49 151 1
49 152 1
49 153 1
49 154 1
49 155 1
49 156 1
49 157 1
49 158 1
49 159 1
49 160 1
49 161 1
49 162 1
49 163 1
49 164 1
49 165 1
49 166 1
49 167 1
49 168 1
49 169 1
49 170 1
49 171 1
49 172 1
49 173 1
49 174 1
49 175 1
49 176 1
49 177 1
49 178 1
49 179 1
49 180 1
49 181 1
49 182 1
49 183 1
49 184 1
49 185 1
49 186 1
49 187 1
49 188 1
49 189 1
49 190 1
49 191 1
49 192 1
49 193 1
49 194 1
49 195 1
50 100 1
50 101 1
50 102 1
50 103 1
50 104 1
50 105 1
50 106 1
50 107 1
50 108 1
50 109 1
50 110 1
50 111 1
50 112 1
50 113 1
50 114 1
50 115 1
50 116 1
50 117 1
50 118 1
50 119 1
50 120 1
50 121 1
50 122 1
50 123 1
50 124 1
50 125 1
50 126 1
50 127 1
50 128 1
50 129 1
50 130 1
50 131 1
50 132 1
50 133 1
50 134 1
50 135 1
50 136 1
50 137 1
50 138 1
50 139 1
50 140 1
50 141 1
50 142 1
50 143 1
50 144 1
50 145 1
50 146 1
50 147 1
50 148 1
50 149 1
50 150 1
50 151 1
50 152 1
50 153 1
50 154 1
50 155 1
50 156 1
50 157 1
50 158 1
50 159 1
50 160 1
50 161 1
50 162 1
50 163 1
50 164 1
50 165 1
50 166 1
50 167 1
50 168 1
50 169 1
50 170 1
50 171 1
50 172 1
50 173 1
50 174 1
50 175 1
50 176 1
50 177 1
50 178 1
50 179 1
50 180 1
50 181 1
50 182 1
50 183 1
50 184 1
50 185 1
50 186 1
50 187 1
50 188 1
50 189 1
50 190 1
50 191 1
50 192 1
50 193 1
50 194 1
50 195 1
51 100 1
51 101 1
51 102 1
51 103 1
51 104 1
51 105 1
51 106 1
51 107 1
51 108 1
51 109 1
51 110 1
51 111 1
51 112 1
51 113 1
51 114 1
51 115 1
51 116 1
51 117 1
51 118 1
51 119 1
51 120 1
51 121 1
51 122 1
51 123 1
51 124 1
51 125 1
51 126 1
51 127 1
51 128 1
51 129 1
51 130 1
51 131 1
51 132 1
51 133 1
51 134 1
51 135 1
51 136 1
51 137 1
51 138 1
51 139 1
51 140 1
51 141 1
51 142 1
51 143 1
51 144 1
51 145 1
51 146 1
51 147 1
51 148 1
51 149 1
51 150 1
51 151 1
51 152 1
51 153 1
51 154 1
51 155 1
51 156 1
51 157 1
51 158 1
51 159 1
51 160 1
51 161 1
51 162 1
51 163 1
51 164 1
51 165 1
51 166 1
51 167 1
51 168 1
51 169 1
51 170 1
51 171 1
51 172 1
51 173 1
51 174 1
51 175 1
51 176 1
51 177 1
51 178 1
51 179 1
51 180 1
51 181 1
51 182 1
51 183 1
51 184 1
51 185 1
51 186 1
51 187 1
51 188 1
51 189 1
51 190 1
51 191 1
51 192 1
51 193 1
51 194 1
51 195 1
52 100 1
52 101 1
52 102 1
52 103 1
52 104 1
52 105 1
52 106 1
52 107 1
52 108 1
52 109 1
52 110 1
52 111 1
52 112 1
52 113 1
52 114 1
52 115 1
52 116 1
52 117 1
52 118 1
52 119 1
52 120 1
52 121 1
52 122 1
52 123 1
52 124 1
52 125 1
52 126 1
52 127 1
52 128 1
52 129 1
52 130 1
52 131 1
52 132 1
52 133 1
52 134 1
52 135 1
52 136 1
52 137 1
52 138 1
52 139 1
52 140 1
52 141 1
52 142 1
52 143 1
52 144 1
52 145 1
52 146 1
52 147 1
52 148 1
52 149 1
52 150 1
52 151 1
52 152 1
52 153 1
52 154 1
52 155 1
52 156 1
52 157 1
52 158 1
52 159 1
52 160 1
52 161 1
52 162 1
52 163 1
52 164 1
52 165 1
52 166 1
52 167 1
52 168 1
52 169 1
52 170 1
52 171 1
52 172 1
52 173 1
52 174 1
52 175 1
52 176 1
52 177 1
52 178 1
52 179 1
52 180 1
52 181 1
52 182 1
52 183 1
52 184 1
52 185 1
52 186 1
52 187 1
52 188 1
52 189 1
52 190 1
52 191 1
52 192 1
52 193 1
52 194 1
52 195 1
53 100 1
53 101 1
53 102 1
53 103 1
53 104 1
53 105 1
53 106 1
53 107 1
53 108 1
53 109 1
53 110 1
53 111 1
53 112 1
53 113 1
53 114 1
53 115 1
53 116 1
53 117 1
53 118 1
53 119 1
53 120 1
53 121 1
53 122 1
53 123 1
53 124 1
53 125 1
53 126 1
53 127 1
53 128 1
53 129 1
53 130 1
53 131 1
53 132 1
53 133 1
53 134 1
53 135 1
53 136 1
53 137 1
53 138 1
53 139 1
53 140 1
53 141 1
53 142 1
53 143 1
53 144 1
53 145 1
53 146 1
53 147 1
53 148 1
53 149 1
53 150 1
53 151 1
53 152 1
53 153 1
53 154 1
53 155 1
53 156 1
53 157 1
53 158 1
53 159 1
53 160 1
53 161 1
53 162 1
53 163 1
53 164 1
53 165 1
53 166 1
53 167 1
53 168 1
53 169 1
53 170 1
53 171 1
53 172 1
53 173 1
53 174 1
53 175 1
53 176 1
53 177 1
53 178 1
53 179 1
53 180 1
53 181 1
53 182 1
53 183 1
53 184 1
53 185 1
53 186 1
53 187 1
53 188 1
53 189 1
53 190 1
53 191 1
53 192 1
53 193 1
53 194 1
53 195 1
54 100 1
54 101 1
54 102 1
54 103 1
54 104 1
54 105 1
54 106 1
54 107 1
54 108 1
54 109 1
54 110 1
54 111 1
54 112 1
54 113 1
54 114 1
54 115 1
54 116 1
54 117 1
54 118 1
54 119 1
54 120 1
54 121 1
54 122 1
54 123 1
54 124 1
54 125 1
54 126 1
54 127 1
54 128 1
54 129 1
54 130 1
54 131 1
54 132 1
54 133 1
54 134 1
54 135 1
54 136 1
54 137 1
54 138 1
54 139 1
54 140 1
54 141 1
54 142 1
54 143 1
54 144 1
54 145 1
54 146 1
54 147 1
54 148 1
54 149 1
54 150 1
54 151 1
54 152 1
54 153 1
54 154 1
54 155 1
54 156 1
54 157 1
54 158 1
54 159 1
54 160 1
54 161 1
54 162 1
54 163 1
54 164 1
54 165 1
54 166 1
54 167 1
54 168 1
54 169 1
54 170 1
54 171 1
54 172 1
54 173 1
54 174 1
54 175 1
54 176 1
54 177 1
54 178 1
54 179 1
54 180 1
54 181 1
54 182 1
54 183 1
54 184 1
54 185 1
54 186 1
54 187 1
54 188 1
54 189 1
54 190 1
54 191 1
54 192 1
54 193 1
54 194 1
54 195 1
55 100 1
55 101 1
55 102 1
55 103 1
55 104 1
55 105 1
55 106 1
55 107 1
55 108 1
55 109 1
55 110 1
55 111 1
55 112 1
55 113 1
55 114 1
55 115 1
55 116 1
55 117 1
55 118 1
55 119 1
55 120 1
55 121 1
55 122 1
55 123 1
55 124 1
55 125 1
55 126 1
55 127 1
55 128 1
55 129 1
55 130 1
55 131 1
55 132 1
55 133 1
55 134 1
55 135 1
55 136 1
55 137 1
55 138 1
55 139 1
55 140 1
55 141 1
55 142 1
55 143 1
55 144 1
55 145 1
55 146 1
55 147 1
55 148 1
55 149 1
55 150 1
55 151 1
55 152 1
55 153 1
55 154 1
55 155 1
55 156 1
55 157 1
55 158 1
55 159 1
55 160 1
55 161 1
55 162 1
55 163 1
55 164 1
55 165 1
55 166 1
55 167 1
55 168 1
55 169 1
55 170 1
55 171 1
55 172 1
55 173 1
55 174 1
55 175 1
55 176 1
55 177 1
55 178 1
55 179 1
55 180 1
55 181 1
55 182 1
55 183 1
55 184 1
55 185 1
55 186 1
55 187 1
55 188 1
55 189 1
55 190 1
55 191 1
55 192 1
55 193 1
55 194 1
55 195 1
56 100 1
56 101 1
56 102 1
56 103 1
56 104 1
56 105 1
56 106 1
56 107 1
56 108 1
56 109 1
56 110 1
56 111 1
56 112 1
56 113 1
56 114 1
56 115 1
56 116 1
56 117 1
56 118 1
56 119 1
56 120 1
56 121 1
56 122 1
56 123 1
56 124 1
56 125 1
56 126 1
56 127 1
56 128 1
56 129 1
56 130 1
56 131 1
56 132 1
56 133 1
56 134 1
56 135 1
56 136 1
56 137 1
56 138 1
56 139 1
56 140 1
56 141 1
56 142 1
56 143 1
56 144 1
56 145 1
56 146 1
56 147 1
56 148 1
56 149 1
56 150 1
56 151 1
56 152 1
56 153 1
56 154 1
56 155 1
56 156 1
56 157 1
56 158 1
56 159 1
56 160 1
56 161 1
56 162 1
56 163 1
56 164 1
56 165 1
56 166 1
56 167 1
56 168 1
56 169 1
56 170 1
56 171 1
56 172 1
56 173 1
56 174 1
56 175 1
56 176 1
56 177 1
56 178 1
56 179 1
56 180 1
56 181 1
56 182 1
56 183 1
56 184 1
56 185 1
56 186 1
56 187 1
56 188 1
56 189 1
56 190 1
56 191 1
56 192 1
56 193 1
56 194 1
56 195 1
57 100 1
57 101 1
57 102 1
57 103 1
57 104 1
57 105 1
57 106 1
57 107 1
57 108 1
57 109 1
57 110 1
57 111 1
57 112 1
57 113 1
57 114 1
57 115 1
57 116 1
57 117 1
57 118 1
57 119 1
57 120 1
57 121 1
57 122 1
57 123 1
57 124 1
57 125 1
57 126 1
57 127 1
57 128 1
57 129 1
57 130 1
57 131 1
57 132 1
57 133 1
57 134 1
57 135 1
57 136 1
57 137 1
57 138 1
57 139 1
57 140 1
57 141 1
57 142 1
57 143 1
57 144 1
57 145 1
57 146 1
57 147 1
57 148 1
57 149 1
57 150 1
57 151 1
57 152 1
57 153 1
57 154 1
57 155 1
57 156 1
57 157 1
57 158 1
57 159 1
57 160 1
57 161 1
57 162 1
57 163 1
57 164 1
57 165 1
57 166 1
57 167 1
57 168 1
57 169 1
57 170 1
57 171 1
57 172 1
57 173 1
57 174 1
57 175 1
57 176 1
57 177 1
57 178 1
57 179 1
57 180 1
57 181 1
57 182 1
57 183 1
57 184 1
57 185 1
57 186 1
57 187 1
57 188 1
57 189 1
57 190 1
57 191 1
57 192 1
57 193 1
57 194 1
57 195 1
58 100 1
58 101 1
58 102 1
58 103 1
58 104 1
58 105 1
58 106 1
58 107 1
58 108 1
58 109 1
58 110 1
58 111 1
58 112 1
58 113 1
58 114 1
58 115 1
58 116 1
58 117 1
58 118 1
58 119 1
58 120 1
58 121 1
58 122 1
58 123 1
58 124 1
58 125 1
58 126 1
58 127 1
58 128 1
58 129 1
58 130 1
58 131 1
58 132 1
58 133 1
58 134 1
58 135 1
58 136 1
58 137 1
58 138 1
58 139 1
58 140 1
58 141 1
58 142 1
58 143 1
58 144 1
58 145 1
58 146 1
58 147 1
58 148 1
58 149 1
58 150 1
58 151 1
58 152 1
58 153 1
58 154 1
58 155 1
58 156 1
58 157 1
58 158 1
58 159 1
58 160 1
58 161 1
58 162 1
58 163 1
58 164 1
58 165 1
58 166 1
58 167 1
58 168 1
58 169 1
58 170 1
58 171 1
58 172 1
58 173 1
58 174 1
58 175 1
58 176 1
58 177 1
58 178 1
58 179 1
58 180 1
58 181 1
58 182 1
58 183 1
58 184 1
58 185 1
58 186 1
58 187 1
58 188 1
58 189 1
58 190 1
58 191 1
58 192 1
58 193 1
58 194 1
58 195 1
59 100 1
59 101 1
59 102 1
59 103 1
59 104 1
59 105 1
59 106 1
59 107 1
59 108 1
59 109 1
59 110 1
59 111 1
59 112 1
59 113 1
59 114 1
59 115 1
59 116 1
59 117 1
59 118 1
59 119 1
59 120 1
59 121 1
59 122 1
59 123 1
59 124 1
59 125 1
59 126 1
59 127 1
59 128 1
59 129 1
59 130 1
59 131 1
59 132 1
59 133 1
59 134 1
59 135 1
59 136 1
59 137 1
59 138 1
59 139 1
59 140 1
59 141 1
59 142 1
59 143 1
59 144 1
59 145 1
59 146 1
59 147 1
59 148 1
59 149 1
59 150 1
59 151 1
59 152 1
59 153 1
59 154 1
59 155 1
59 156 1
59 157 1
59 158 1
59 159 1
59 160 1
59 161 1
59 162 1
59 163 1
59 164 1
59 165 1
59 166 1
59 167 1
59 168 1
59 169 1
59 170 1
59 171 1
59 172 1
59 173 1
59 174 1
59 175 1
59 176 1
59 177 1
59 178 1
59 179 1
59 180 1
59 181 1
59 182 1
59 183 1
59 184 1
59 185 1
59 186 1
59 187 1
59 188 1
59 189 1
59 190 1
59 191 1
59 192 1
59 193 1
59 194 1
59 195 1
60 100 1
60 101 1
60 102 1
60 103 1
60 104 1
60 105 1
60 106 1
60 107 1
60 108 1
60 109 1
60 110 1
60 111 1
60 112 1
60 113 1
60 114 1
60 115 1
60 116 1
60 117 1
60 118 1
60 119 1
60 120 1
60 121 1
60 122 1
60 123 1
60 124 1
60 125 1
60 126 1
60 127 1
60 128 1
60 129 1
60 130 1
60 131 1
60 132 1
60 133 1
60 134 1
60 135 1
60 136 1
60 137 1
60 138 1
60 139 1
60 140 1
60 141 1
60 142 1
60 143 1
60 144 1
60 145 1
60 146 1
60 147 1
60 148 1
60 149 1
60 150 1
60 151 1
60 152 1
60 153 1
60 154 1
60 155 1
60 156 1
60 157 1
60 158 1
60 159 1
60 160 1
60 161 1
60 162 1
60 163 1
60 164 1
60 165 1
60 166 1
60 167 1
60 168 1
60 169 1
60 170 1
60 171 1
60 172 1
60 173 1
60 174 1
60 175 1
60 176 1
60 177 1
60 178 1
60 179 1
60 180 1
60 181 1
60 182 1
60 183 1
60 184 1
60 185 1
60 186 1
60 187 1
60 188 1
60 189 1
60 190 1
60 191 1
60 192 1
60 193 1
60 194 1
60 195 1
61 100 1
61 101 1
61 102 1
61 103 1
61 104 1
61 105 1
61 106 1
61 107 1
61 108 1
61 109 1
61 110 1
61 111 1
61 112 1
61 113 1
61 114 1
61 115 1
61 116 1
61 117 1
61 118 1
61 119 1
61 120 1
61 121 1
61 122 1
61 123 1
61 124 1
61 125 1
61 126 1
61 127 1
61 128 1
61 129 1
61 130 1
61 131 1
61 132 1
61 133 1
61 134 1
61 135 1
61 136 1
61 137 1
61 138 1
61 139 1
61 140 1
61 141 1
61 142 1
61 143 1
61 144 1
61 145 1
61 146 1
61 147 1
61 148 1
61 149 1
61 150 1
61 151 1
61 152 1
61 153 1
61 154 1
61 155 1
61 156 1
61 157 1
61 158 1
61 159 1
61 160 1
61 161 1
61 162 1
61 163 1
61 164 1
61 165 1
61 166 1
61 167 1
61 168 1
61 169 1
61 170 1
61 171 1
61 172 1
61 173 1
61 174 1
61 175 1
61 176 1
61 177 1
61 178 1
61 179 1
61 180 1
61 181 1
61 182 1
61 183 1
61 184 1
61 185 1
61 186 1
61 187 1
61 188 1
61 189 1
61 190 1
61 191 1
61 192 1
61 193 1
61 194 1
61 195 1
62 100 1
62 101 1
62 102 1
62 103 1
62 104 1
62 105 1
62 106 1
62 107 1
62 108 1
62 109 1
62 110 1
62 111 1
62 112 1
62 113 1
62 114 1
62 115 1
62 116 1
62 117 1
62 118 1
62 119 1
62 120 1
62 121 1
62 122 1
62 123 1
62 124 1
62 125 1
62 126 1
62 127 1
62 128 1
62 129 1
62 130 1
62 131 1
62 132 1
62 133 1
62 134 1
62 135 1
62 136 1
62 137 1
62 138 1
62 139 1
62 140 1
62 141 1
62 142 1
62 143 1
62 144 1
62 145 1
62 146 1
62 147 1
62 148 1
62 149 1
62 150 1
62 151 1
62 152 1
62 153 1
62 154 1
62 155 1
62 156 1
62 157 1
62 158 1
62 159 1
62 160 1
62 161 1
62 162 1
62 163 1
62 164 1
62 165 1
62 166 1
62 167 1
62 168 1
62 169 1
62 170 1
62 171 1
62 172 1
62 173 1
62 174 1
62 175 1
62 176 1
62 177 1
62 178 1
62 179 1
62 180 1
62 181 1
62 182 1
62 183 1
62 184 1
62 185 1
62 186 1
62 187 1
62 188 1
62 189 1
62 190 1
62 191 1
62 192 1
62 193 1
62 194 1
62 195 1
63 100 1
63 101 1
63 102 1
63 103 1
63 104 1
63 105 1
63 106 1
63 107 1
63 108 1
63 109 1
63 110 1
63 111 1
63 112 1
63 113 1
63 114 1
63 115 1
63 116 1
63 117 1
63 118 1
63 119 1
63 120 1
63 121 1
63 122 1
63 123 1
63 124 1
63 125 1
63 126 1
63 127 1
63 128 1
63 129 1
63 130 1
63 131 1
63 132 1
63 133 1
63 134 1
63 135 1
63 136 1
63 137 1
63 138 1
63 139 1
63 140 1
63 141 1
63 142 1
63 143 1
63 144 1
63 145 1
63 146 1
63 147 1
63 148 1
63 149 1
63 150 1
63 151 1
63 152 1
63 153 1
63 154 1
63 155 1
63 156 1
63 157 1
63 158 1
63 159 1
63 160 1
63 161 1
63 162 1
63 163 1
63 164 1
63 165 1
63 166 1
63 167 1
63 168 1
63 169 1
63 170 1
63 171 1
63 172 1
63 173 1
63 174 1
63 175 1
63 176 1
63 177 1
63 178 1
63 179 1
63 180 1
63 181 1
63 182 1
63 183 1
63 184 1
63 185 1
63 186 1
63 187 1
63 188 1
63 189 1
63 190 1
63 191 1
63 192 1
63 193 1
63 194 1
63 195 1
64 100 1
64 101 1
64 102 1
64 103 1
64 104 1
64 105 1
64 106 1
64 107 1
64 108 1
64 109 1
64 110 1
64 111 1
64 112 1
64 113 1
64 114 1
64 115 1
64 116 1
64 117 1
64 118 1
64 119 1
64 120 1
64 121 1
64 122 1
64 123 1
64 124 1
64 125 1
64 126 1
64 127 1
64 128 1
64 129 1
64 130 1
64 131 1
64 132 1
64 133 1
64 134 1
64 135 1
64 136 1
64 137 1
64 138 1
64 139 1
64 140 1
64 141 1
64 142 1
64 143 1
64 144 1
64 145 1
64 146 1
64 147 1
64 148 1
64 149 1
64 150 1
64 151 1
64 152 1
64 153 1
64 154 1
64 155 1
64 156 1
64 157 1
64 158 1
64 159 1
64 160 1
64 161 1
64 162 1
64 163 1
64 164 1
64 165 1
64 166 1
64 167 1
64 168 1
64 169 1
64 170 1
64 171 1
64 172 1
64 173 1
64 174 1
64 175 1
64 176 1
64 177 1
64 178 1
64 179 1
64 180 1
64 181 1
64 182 1
64 183 1
64 184 1
64 185 1
64 186 1
64 187 1
64 188 1
64 189 1
64 190 1
64 191 1
64 192 1
64 193 1
64 194 1
64 195 1
65 100 1
65 101 1
65 102 1
65 103 1
65 104 1
65 105 1
65 106 1
65 107 1
65 108 1
65 109 1
65 110 1
65 111 1
65 112 1
65 113 1
65 114 1
65 115 1
65 116 1
65 117 1
65 118 1
65 119 1
65 120 1
65 121 1
65 122 1
65 123 1
65 124 1
65 125 1
65 126 1
65 127 1
65 128 1
65 129 1
65 130 1
65 131 1
65 132 1
65 133 1
65 134 1
65 135 1
65 136 1
65 137 1
65 138 1
65 139 1
65 140 1
65 141 1
65 142 1
65 143 1
65 144 1
65 145 1
65 146 1
65 147 1
65 148 1
65 149 1
65 150 1
65 151 1
65 152 1
65 153 1
65 154 1
65 155 1
65 156 1
65 157 1
65 158 1
65 159 1
65 160 1
65 161 1
65 162 1
65 163 1
65 164 1
65 165 1
65 166 1
65 167 1
65 168 1
65 169 1
65 170 1
65 171 1
65 172 1
65 173 1
65 174 1
65 175 1
65 176 1
65 177 1
65 178 1
65 179 1
65 180 1
65 181 1
65 182 1
65 183 1
65 184 1
65 185 1
65 186 1
65 187 1
65 188 1
65 189 1
65 190 1
65 191 1
65 192 1
65 193 1
65 194 1
65 195 1
66 100 1
66 101 1
66 102 1
66 103 1
66 104 1
66 105 1
66 106 1
66 107 1
66 108 1
66 109 1
66 110 1
66 111 1
66 112 1
66 113 1
66 114 1
66 115 1
66 116 1
66 117 1
66 118 1
66 119 1
66 120 1
66 121 1
66 122 1
66 123 1
66 124 1
66 125 1
66 126 1
66 127 1
66 128 1
66 129 1
66 130 1
66 131 1
66 132 1
66 133 1
66 134 1
66 135 1
66 136 1
66 137 1
66 138 1
66 139 1
66 140 1
66 141 1
66 142 1
66 143 1
66 144 1
66 145 1
66 146 1
66 147 1
66 148 1
66 149 1
66 150 1
66 151 1
66 152 1
66 153 1
66 154 1
66 155 1
66 156 1
66 157 1
66 158 1
66 159 1
66 160 1
66 161 1
66 162 1
66 163 1
66 164 1
66 165 1
66 166 1
66 167 1
66 168 1
66 169 1
66 170 1
66 171 1
66 172 1
66 173 1
66 174 1
66 175 1
66 176 1
66 177 1
66 178 1
66 179 1
66 180 1
66 181 1
66 182 1
66 183 1
66 184 1
66 185 1
66 186 1
66 187 1
66 188 1
66 189 1
66 190 1
66 191 1
66 192 1
66 193 1
66 194 1
66 195 1
67 100 1
67 101 1
67 102 1
67 103 1
67 104 1
67 105 1
67 106 1
67 107 1
67 108 1
67 109 1
67 110 1
67 111 1
67 112 1
67 113 1
67 114 1
67 115 1
67 116 1
67 117 1
67 118 1
67 119 1
67 120 1
67 121 1
67 122 1
67 123 1
67 124 1
67 125 1
67 126 1
67 127 1
67 128 1
67 129 1
67 130 1
67 131 1
67 132 1
67 133 1
67 134 1
67 135 1
67 136 1
67 137 1
67 138 1
67 139 1
67 140 1
67 141 1
67 142 1
67 143 1
67 144 1
67 145 1
67 146 1
67 147 1
67 148 1
67 149 1
67 150 1
67 151 1
67 152 1
67 153 1
67 154 1
67 155 1
67 156 1
67 157 1
67 158 1
67 159 1
67 160 1
67 161 1
67 162 1
67 163 1
67 164 1
67 165 1
67 166 1
67 167 1
67 168 1
67 169 1
67 170 1
67 171 1
67 172 1
67 173 1
67 174 1
67 175 1
67 176 1
67 177 1
67 178 1
67 179 1
67 180 1
67 181 1
67 182 1
67 183 1
67 184 1
67 185 1
67 186 1
67 187 1
67 188 1
67 189 1
67 190 1
67 191 1
67 192 1
67 193 1
67 194 1
67 195 1
68 100 1
68 101 1
68 102 1
68 103 1
68 104 1
68 105 1
68 106 1
68 107 1
68 108 1
68 109 1
68 110 1
68 111 1
68 112 1
68 113 1
68 114 1
68 115 1
68 116 1
68 117 1
68 118 1
68 119 1
68 120 1
68 121 1
68 122 1
68 123 1
68 124 1
68 125 1
68 126 1
68 127 1
68 128 1
68 129 1
68 130 1
68 131 1
68 132 1
68 133 1
68 134 1
68 135 1
68 136 1
68 137 1
68 138 1
68 139 1
68 140 1
68 141 1
68 142 1
68 143 1
68 144 1
68 145 1
68 146 1
68 147 1
68 148 1
68 149 1
68 150 1
68 151 1
68 152 1
68 153 1
68 154 1
68 155 1
68 156 1
68 157 1
68 158 1
68 159 1
68 160 1
68 161 1
68 162 1
68 163 1
68 164 1
68 165 1
68 166 1
68 167 1
68 168 1
68 169 1
68 170 1
68 171 1
68 172 1
68 173 1
68 174 1
68 175 1
68 176 1
68 177 1
68 178 1
68 179 1
68 180 1
68 181 1
68 182 1
68 183 1
68 184 1
68 185 1
68 186 1
68 187 1
68 188 1
68 189 1
68 190 1
68 191 1
68 192 1
68 193 1
68 194 1
68 195 1
69 100 1
69 101 1
69 102 1
69 103 1
69 104 1
69 105 1
69 106 1
69 107 1
69 108 1
69 109 1
69 110 1
69 111 1
69 112 1
69 113 1
69 114 1
69 115 1
69 116 1
69 117 1
69 118 1
69 119 1
69 120 1
69 121 1
69 122 1
69 123 1
69 124 1
69 125 1
69 126 1
69 127 1
69 128 1
69 129 1
69 130 1
69 131 1
69 132 1
69 133 1
69 134 1
69 135 1
69 136 1
69 137 1
69 138 1
69 139 1
69 140 1
69 141 1
69 142 1
69 143 1
69 144 1
69 145 1
69 146 1
69 147 1
69 148 1
69 149 1
69 150 1
69 151 1
69 152 1
69 153 1
69 154 1
69 155 1
69 156 1
69 157 1
69 158 1
69 159 1
69 160 1
69 161 1
69 162 1
69 163 1
69 164 1
69 165 1
69 166 1
69 167 1
69 168 1
69 169 1
69 170 1
69 171 1
69 172 1
69 173 1
69 174 1
69 175 1
69 176 1
69 177 1
69 178 1
69 179 1
69 180 1
69 181 1
69 182 1
69 183 1
69 184 1
69 185 1
69 186 1
69 187 1
69 188 1
69 189 1
69 190 1
69 191 1
69 192 1
69 193 1
69 194 1
69 195 1
70 100 1
70 101 1
70 102 1
70 103 1
70 104 1
70 105 1
70 106 1
70 107 1
70 108 1
70 109 1
70 110 1
70 111 1
70 112 1
70 113 1
70 114 1
70 115 1
70 116 1
70 117 1
70 118 1
70 119 1
70 120 1
70 121 1
70 122 1
70 123 1
70 124 1
70 125 1
70 126 1
70 127 1
70 128 1
70 129 1
70 130 1
70 131 1
70 132 1
70 133 1
70 134 1
70 135 1
70 136 1
70 137 1
70 138 1
70 139 1
70 140 1
70 141 1
70 142 1
70 143 1
70 144 1
70 145 1
70 146 1
70 147 1
70 148 1
70 149 1
70 150 1
70 151 1
70 152 1
70 153 1
70 154 1
70 155 1
70 156 1
70 157 1
70 158 1
70 159 1
70 160 1
70 161 1
70 162 1
70 163 1
70 164 1
70 165 1
70 166 1
70 167 1
70 168 1
70 169 1
70 170 1
70 171 1
70 172 1
70 173 1
70 174 1
70 175 1
70 176 1
70 177 1
70 178 1
70 179 1
70 180 1
70 181 1
70 182 1
70 183 1
70 184 1
70 185 1
70 186 1
70 187 1
70 188 1
70 189 1
70 190 1
70 191 1
70 192 1
70 193 1
70 194 1
70 195 1
71 100 1
71 101 1
71 102 1
71 103 1
71 104 1
71 105 1
71 106 1
71 107 1
71 108 1
71 109 1
71 110 1
71 111 1
71 112 1
71 113 1
71 114 1
71 115 1
71 116 1
71 117 1
71 118 1
71 119 1
71 120 1
71 121 1
71 122 1
71 123 1
71 124 1
71 125 1
71 126 1
71 127 1
71 128 1
71 129 1
71 130 1
71 131 1
71 132 1
71 133 1
71 134 1
71 135 1
71 136 1
71 137 1
71 138 1
71 139 1
71 140 1
71 141 1
71 142 1
71 143 1
71 144 1
71 145 1
71 146 1
71 147 1
71 148 1
71 149 1
71 150 1
71 151 1
71 152 1
71 153 1
71 154 1
71 155 1
71 156 1
71 157 1
71 158 1
71 159 1
71 160 1
71 161 1
71 162 1
71 163 1
71 164 1
71 165 1
71 166 1
71 167 1
71 168 1
71 169 1
71 170 1
71 171 1
71 172 1
71 173 1
71 174 1
71 175 1
71 176 1
71 177 1
71 178 1
71 179 1
71 180 1
71 181 1
71 182 1
71 183 1
71 184 1
71 185 1
71 186 1
71 187 1
71 188 1
71 189 1
71 190 1
71 191 1
71 192 1
71 193 1
71 194 1
71 195 1
72 100 1
72 101 1
72 102 1
72 103 1
72 104 1
72 105 1
72 106 1
72 107 1
72 108 1
72 109 1
72 110 1
72 111 1
72 112 1
72 113 1
72 114 1
72 115 1
72 116 1
72 117 1
72 118 1
72 119 1
72 120 1
72 121 1
72 122 1
72 123 1
72 124 1
72 125 1
72 126 1
72 127 1
72 128 1
72 129 1
72 130 1
72 131 1
72 132 1
72 133 1
72 134 1
72 135 1
72 136 1
72 137 1
72 138 1
72 139 1
72 140 1
72 141 1
72 142 1
72 143 1
72 144 1
72 145 1
72 146 1
72 147 1
72 148 1
72 149 1
72 150 1
72 151 1
72 152 1
72 153 1
72 154 1
72 155 1
72 156 1
72 157 1
72 158 1
72 159 1
72 160 1
72 161 1
72 162 1
72 163 1
72 164 1
72 165 1
72 166 1
72 167 1
72 168 1
72 169 1
72 170 1
72 171 1
72 172 1
72 173 1
72 174 1
72 175 1
72 176 1
72 177 1
72 178 1
72 179 1
72 180 1
72 181 1
72 182 1
72 183 1
72 184 1
72 185 1
72 186 1
72 187 1
72 188 1
72 189 1
72 190 1
72 191 1
72 192 1
72 193 1
72 194 1
72 195 1
73 100 1
73 101 1
73 102 1
73 103 1
73 104 1
73 105 1
73 106 1
73 107 1
73 108 1
73 109 1
73 110 1
73 111 1
73 112 1
73 113 1
73 114 1
73 115 1
73 116 1
73 117 1
73 118 1
73 119 1
73 120 1
73 121 1
73 122 1
73 123 1
73 124 1
73 125 1
73 126 1
73 127 1
73 128 1
73 129 1
73 130 1
73 131 1
73 132 1
73 133 1
73 134 1
73 135 1
73 136 1
73 137 1
73 138 1
73 139 1
73 140 1
73 141 1
73 142 1
73 143 1
73 144 1
73 145 1
73 146 1
73 147 1
73 148 1
73 149 1
73 150 1
73 151 1
73 152 1
73 153 1
73 154 1
73 155 1
73 156 1
73 157 1
73 158 1
73 159 1
73 160 1
73 161 1
73 162 1
73 163 1
73 164 1
73 165 1
73 166 1
73 167 1
73 168 1
73 169 1
73 170 1
73 171 1
73 172 1
73 173 1
73 174 1
73 175 1
73 176 1
73 177 1
73 178 1
73 179 1
73 180 1
73 181 1
73 182 1
73 183 1
73 184 1
73 185 1
73 186 1
73 187 1
73 188 1
73 189 1
73 190 1
73 191 1
73 192 1
73 193 1
73 194 1
73 195 1
74 100 1
74 101 1
74 102 1
74 103 1
74 104 1
74 105 1
74 106 1
74 107 1
74 108 1
74 109 1
74 110 1
74 111 1
74 112 1
74 113 1
74 114 1
74 115 1
74 116 1
74 117 1
74 118 1
74 119 1
74 120 1
74 121 1
74 122 1
74 123 1
74 124 1
74 125 1
74 126 1
74 127 1
74 128 1
74 129 1
74 130 1
74 131 1
74 132 1
74 133 1
74 134 1
74 135 1
74 136 1
74 137 1
74 138 1
74 139 1
74 140 1
74 141 1
74 142 1
74 143 1
74 144 1
74 145 1
74 146 1
74 147 1
74 148 1
74 149 1
74 150 1
74 151 1
74 152 1
74 153 1
74 154 1
74 155 1
74 156 1
74 157 1
74 158 1
74 159 1
74 160 1
74 161 1
74 162 1
74 163 1
74 164 1
74 165 1
74 166 1
74 167 1
74 168 1
74 169 1
74 170 1
74 171 1
74 172 1
74 173 1
74 174 1
74 175 1
74 176 1
74 177 1
74 178 1
74 179 1
74 180 1
74 181 1
74 182 1
74 183 1
74 184 1
74 185 1
74 186 1
74 187 1
74 188 1
74 189 1
74 190 1
74 191 1
74 192 1
74 193 1
74 194 1
74 195 1
75 100 1
75 101 1
75 102 1
75 103 1
75 104 1
75 105 1
75 106 1
75 107 1
75 108 1
75 109 1
75 110 1
75 111 1
75 112 1
75 113 1
75 114 1
75 115 1
75 116 1
75 117 1
75 118 1
75 119 1
75 120 1
75 121 1
75 122 1
75 123 1
75 124 1
75 125 1
75 126 1
75 127 1
75 128 1
75 129 1
75 130 1
75 131 1
75 132 1
75 133 1
75 134 1
75 135 1
75 136 1
75 137 1
75 138 1
75 139 1
75 140 1
75 141 1
75 142 1
75 143 1
75 144 1
75 145 1
75 146 1
75 147 1
75 148 1
75 149 1
75 150 1
75 151 1
75 152 1
75 153 1
75 154 1
75 155 1
75 156 1
75 157 1
75 158 1
75 159 1
75 160 1
75 161 1
75 162 1
75 163 1
75 164 1
75 165 1
75 166 1
75 167 1
75 168 1
75 169 1
75 170 1
75 171 1
75 172 1
75 173 1
75 174 1
75 175 1
75 176 1
75 177 1
75 178 1
75 179 1
75 180 1
75 181 1
75 182 1
75 183 1
75 184 1
75 185 1
75 186 1
75 187 1
75 188 1
75 189 1
75 190 1
75 191 1
75 192 1
75 193 1
75 194 1
75 195 1
76 100 1
76 101 1
76 102 1
76 103 1
76 104 1
76 105 1
76 106 1
76 107 1
76 108 1
76 109 1
76 110 1
76 111 1
76 112 1
76 113 1
76 114 1
76 115 1
76 116 1
76 117 1
76 118 1
76 119 1
76 120 1
76 121 1
76 122 1
76 123 1
76 124 1
76 125 1
76 126 1
76 127 1
76 128 1
76 129 1
76 130 1
76 131 1
76 132 1
76 133 1
76 134 1
76 135 1
76 136 1
76 137 1
76 138 1
76 139 1
76 140 1
76 141 1
76 142 1
76 143 1
76 144 1
76 145 1
76 146 1
76 147 1
76 148 1
76 149 1
76 150 1
76 151 1
76 152 1
76 153 1
76 154 1
76 155 1
76 156 1
76 157 1
76 158 1
76 159 1
76 160 1
76 161 1
76 162 1
76 163 1
76 164 1
76 165 1
76 166 1
76 167 1
76 168 1
76 169 1
76 170 1
76 171 1
76 172 1
76 173 1
76 174 1
76 175 1
76 176 1
76 177 1
76 178 1
76 179 1
76 180 1
76 181 1
76 182 1
76 183 1
76 184 1
76 185 1
76 186 1
76 187 1
76 188 1
76 189 1
76 190 1
76 191 1
76 192 1
76 193 1
76 194 1
76 195 1
77 100 1
77 101 1
77 102 1
77 103 1
77 104 1
77 105 1
77 106 1
77 107 1
77 108 1
77 109 1
77 110 1
77 111 1
77 112 1
77 113 1
77 114 1
77 115 1
77 116 1
77 117 1
77 118 1
77 119 1
77 120 1
77 121 1
77 122 1
77 123 1
77 124 1
77 125 1
77 126 1
77 127 1
77 128 1
77 129 1
77 130 1
77 131 1
77 132 1
77 133 1
77 134 1
77 135 1
77 136 1
77 137 1
77 138 1
77 139 1
77 140 1
77 141 1
77 142 1
77 143 1
77 144 1
77 145 1
77 146 1
77 147 1
77 148 1
77 149 1
77 150 1
77 151 1
77 152 1
77 153 1
77 154 1
77 155 1
77 156 1
77 157 1
77 158 1
77 159 1
77 160 1
77 161 1
77 162 1
77 163 1
77 164 1
77 165 1
77 166 1
77 167 1
77 168 1
77 169 1
77 170 1
77 171 1
77 172 1
77 173 1
77 174 1
77 175 1
77 176 1
77 177 1
77 178 1
77 179 1
77 180 1
77 181 1
77 182 1
77 183 1
77 184 1
77 185 1
77 186 1
77 187 1
77 188 1
77 189 1
77 190 1
77 191 1
77 192 1
77 193 1
77 194 1
77 195 1
78 100 1
78 101 1
78 102 1
78 103 1
78 104 1
78 105 1
78 106 1
78 107 1
78 108 1
78 109 1
78 110 1
78 111 1
78 112 1
78 113 1
78 114 1
78 115 1
78 116 1
78 117 1
78 118 1
78 119 1
78 120 1
78 121 1
78 122 1
78 123 1
78 124 1
78 125 1
78 126 1
78 127 1
78 128 1
78 129 1
78 130 1
78 131 1
78 132 1
78 133 1
78 134 1
78 135 1
78 136 1
78 137 1
78 138 1
78 139 1
78 140 1
78 141 1
78 142 1
78 143 1
78 144 1
78 145 1
78 146 1
78 147 1
78 148 1
78 149 1
78 150 1
78 151 1
78 152 1
78 153 1
78 154 1
78 155 1
78 156 1
78 157 1
78 158 1
78 159 1
78 160 1
78 161 1
78 162 1
78 163 1
78 164 1
78 165 1
78 166 1
78 167 1
78 168 1
78 169 1
78 170 1
78 171 1
78 172 1
78 173 1
78 174 1
78 175 1
78 176 1
78 177 1
78 178 1
78 179 1
78 180 1
78 181 1
78 182 1
78 183 1
78 184 1
78 185 1
78 186 1
78 187 1
78 188 1
78 189 1
78 190 1
78 191 1
78 192 1
78 193 1
78 194 1
78 195 1
79 100 1
79 101 1
79 102 1
79 103 1
79 104 1
79 105 1
79 106 1
79 107 1
79 108 1
79 109 1
79 110 1
79 111 1
79 112 1
79 113 1
79 114 1
79 115 1
79 116 1
79 117 1
79 118 1
79 119 1
79 120 1
79 121 1
79 122 1
79 123 1
79 124 1
79 125 1
79 126 1
79 127 1
79 128 1
79 129 1
79 130 1
79 131 1
79 132 1
79 133 1
79 134 1
79 135 1
79 136 1
79 137 1
79 138 1
79 139 1
79 140 1
79 141 1
79 142 1
79 143 1
79 144 1
79 145 1
79 146 1
79 147 1
79 148 1
79 149 1
79 150 1
79 151 1
79 152 1
79 153 1
79 154 1
79 155 1
79 156 1
79 157 1
79 158 1
79 159 1
79 160 1
79 161 1
79 162 1
79 163 1
79 164 1
79 165 1
79 166 1
79 167 1
79 168 1
79 169 1
79 170 1
79 171 1
79 172 1
79 173 1
79 174 1
79 175 1
79 176 1
79 177 1
79 178 1
79 179 1
79 180 1
79 181 1
79 182 1
79 183 1
79 184 1
79 185 1
79 186 1
79 187 1
79 188 1
79 189 1
79 190 1
79 191 1
79 192 1
79 193 1
79 194 1
79 195 1
80 100 1
80 101 1
80 102 1
80 103 1
80 104 1
80 105 1
80 106 1
80 107 1
80 108 1
80 109 1
80 110 1
80 111 1
80 112 1
80 113 1
80 114 1
80 115 1
80 116 1
80 117 1
80 118 1
80 119 1
80 120 1
80 121 1
80 122 1
80 123 1
80 124 1
80 125 1
80 126 1
80 127 1
80 128 1
80 129 1
80 130 1
80 131 1
80 132 1
80 133 1
80 134 1
80 135 1
80 136 1
80 137 1
80 138 1
80 139 1
80 140 1
80 141 1
80 142 1
80 143 1
80 144 1
80 145 1
80 146 1
80 147 1
80 148 1
80 149 1
80 150 1
80 151 1
80 152 1
80 153 1
80 154 1
80 155 1
80 156 1
80 157 1
80 158 1
80 159 1
80 160 1
80 161 1
80 162 1
80 163 1
80 164 1
80 165 1
80 166 1
80 167 1
80 168 1
80 169 1
80 170 1
80 171 1
80 172 1
80 173 1
80 174 1
80 175 1
80 176 1
80 177 1
80 178 1
80 179 1
80 180 1
80 181 1
80 182 1
80 183 1
80 184 1
80 185 1
80 186 1
80 187 1
80 188 1
80 189 1
80 190 1
80 191 1
80 192 1
80 193 1
80 194 1
80 195 1
81 100 1
81 101 1
81 102 1
81 103 1
81 104 1
81 105 1
81 106 1
81 107 1
81 108 1
81 109 1
81 110 1
81 111 1
81 112 1
81 113 1
81 114 1
81 115 1
81 116 1
81 117 1
81 118 1
81 119 1
81 120 1
81 121 1
81 122 1
81 123 1
81 124 1
81 125 1
81 126 1
81 127 1
81 128 1
81 129 1
81 130 1
81 131 1
81 132 1
81 133 1
81 134 1
81 135 1
81 136 1
81 137 1
81 138 1
81 139 1
81 140 1
81 141 1
81 142 1
81 143 1
81 144 1
81 145 1
81 146 1
81 147 1
81 148 1
81 149 1
81 150 1
81 151 1
81 152 1
81 153 1
81 154 1
81 155 1
81 156 1
81 157 1
81 158 1
81 159 1
81 160 1
81 161 1
81 162 1
81 163 1
81 164 1
81 165 1
81 166 1
81 167 1
81 168 1
81 169 1
81 170 1
81 171 1
81 172 1
81 173 1
81 174 1
81 175 1
81 176 1
81 177 1
81 178 1
81 179 1
81 180 1
81 181 1
81 182 1
81 183 1
81 184 1
81 185 1
81 186 1
81 187 1
81 188 1
81 189 1
81 190 1
81 191 1
81 192 1
81 193 1
81 194 1
81 195 1
82 100 1
82 101 1
82 102 1
82 103 1
82 104 1
82 105 1
82 106 1
82 107 1
82 108 1
82 109 1
82 110 1
82 111 1
82 112 1
82 113 1
82 114 1
82 115 1
82 116 1
82 117 1
82 118 1
82 119 1
82 120 1
82 121 1
82 122 1
82 123 1
82 124 1
82 125 1
82 126 1
82 127 1
82 128 1
82 129 1
82 130 1
82 131 1
82 132 1
82 133 1
82 134 1
82 135 1
82 136 1
82 137 1
82 138 1
82 139 1
82 140 1
82 141 1
82 142 1
82 143 1
82 144 1
82 145 1
82 146 1
82 147 1
82 148 1
82 149 1
82 150 1
82 151 1
82 152 1
82 153 1
82 154 1
82 155 1
82 156 1
82 157 1
82 158 1
82 159 1
82 160 1
82 161 1
82 162 1
82 163 1
82 164 1
82 165 1
82 166 1
82 167 1
82 168 1
82 169 1
82 170 1
82 171 1
82 172 1
82 173 1
82 174 1
82 175 1
82 176 1
82 177 1
82 178 1
82 179 1
82 180 1
82 181 1
82 182 1
82 183 1
82 184 1
82 185 1
82 186 1
82 187 1
82 188 1
82 189 1
82 190 1
82 191 1
82 192 1
82 193 1
82 194 1
82 195 1
83 100 1
83 101 1
83 102 1
83 103 1
83 104 1
83 105 1
83 106 1
83 107 1
83 108 1
83 109 1
83 110 1
83 111 1
83 112 1
83 113 1
83 114 1
83 115 1
83 116 1
83 117 1
83 118 1
83 119 1
83 120 1
83 121 1
83 122 1
83 123 1
83 124 1
83 125 1
83 126 1
83 127 1
83 128 1
83 129 1
83 130 1
83 131 1
83 132 1
83 133 1
83 134 1
83 135 1
83 136 1
83 137 1
83 138 1
83 139 1
83 140 1
83 141 1
83 142 1
83 143 1
83 144 1
83 145 1
83 146 1
83 147 1
83 148 1
83 149 1
83 150 1
83 151 1
83 152 1
83 153 1
83 154 1
83 155 1
83 156 1
83 157 1
83 158 1
83 159 1
83 160 1
83 161 1
83 162 1
83 163 1
83 164 1
83 165 1
83 166 1
83 167 1
83 168 1
83 169 1
83 170 1
83 171 1
83 172 1
83 173 1
83 174 1
83 175 1
83 176 1
83 177 1
83 178 1
83 179 1
83 180 1
83 181 1
83 182 1
83 183 1
83 184 1
83 185 1
83 186 1
83 187 1
83 188 1
83 189 1
83 190 1
83 191 1
83 192 1
83 193 1
83 194 1
83 195 1
84 100 1
84 101 1
84 102 1
84 103 1
84 104 1
84 105 1
84 106 1
84 107 1
84 108 1
84 109 1
84 110 1
84 111 1
84 112 1
84 113 1
84 114 1
84 115 1
84 116 1
84 117 1
84 118 1
84 119 1
84 120 1
84 121 1
84 122 1
84 123 1
84 124 1
84 125 1
84 126 1
84 127 1
84 128 1
84 129 1
84 130 1
84 131 1
84 132 1
84 133 1
84 134 1
84 135 1
84 136 1
84 137 1
84 138 1
84 139 1
84 140 1
84 141 1
84 142 1
84 143 1
84 144 1
84 145 1
84 146 1
84 147 1
84 148 1
84 149 1
84 150 1
84 151 1
84 152 1
84 153 1
84 154 1
84 155 1
84 156 1
84 157 1
84 158 1
84 159 1
84 160 1
84 161 1
84 162 1
84 163 1
84 164 1
84 165 1
84 166 1
84 167 1
84 168 1
84 169 1
84 170 1
84 171 1
84 172 1
84 173 1
84 174 1
84 175 1
84 176 1
84 177 1
84 178 1
84 179 1
84 180 1
84 181 1
84 182 1
84 183 1
84 184 1
84 185 1
84 186 1
84 187 1
84 188 1
84 189 1
84 190 1
84 191 1
84 192 1
84 193 1
84 194 1
84 195 1
85 100 1
85 101 1
85 102 1
85 103 1
85 104 1
85 105 1
85 106 1
85 107 1
85 108 1
85 109 1
85 110 1
85 111 1
85 112 1
85 113 1
85 114 1
85 115 1
85 116 1
85 117 1
85 118 1
85 119 1
85 120 1
85 121 1
85 122 1
85 123 1
85 124 1
85 125 1
85 126 1
85 127 1
85 128 1
85 129 1
85 130 1
85 131 1
85 132 1
85 133 1
85 134 1
85 135 1
85 136 1
85 137 1
85 138 1
85 139 1
85 140 1
85 141 1
85 142 1
85 143 1
85 144 1
85 145 1
85 146 1
85 147 1
85 148 1
85 149 1
85 150 1
85 151 1
85 152 1
85 153 1
85 154 1
85 155 1
85 156 1
85 157 1
85 158 1
85 159 1
85 160 1
85 161 1
85 162 1
85 163 1
85 164 1
85 165 1
85 166 1
85 167 1
85 168 1
85 169 1
85 170 1
85 171 1
85 172 1
85 173 1
85 174 1
85 175 1
85 176 1
85 177 1
85 178 1
85 179 1
85 180 1
85 181 1
85 182 1
85 183 1
85 184 1
85 185 1
85 186 1
85 187 1
85 188 1
85 189 1
85 190 1
85 191 1
85 192 1
85 193 1
85 194 1
85 195 1
86 100 1
86 101 1
86 102 1
86 103 1
86 104 1
86 105 1
86 106 1
86 107 1
86 108 1
86 109 1
86 110 1
86 111 1
86 112 1
86 113 1
86 114 1
86 115 1
86 116 1
86 117 1
86 118 1
86 119 1
86 120 1
86 121 1
86 122 1
86 123 1
86 124 1
86 125 1
86 126 1
86 127 1
86 128 1
86 129 1
86 130 1
86 131 1
86 132 1
86 133 1
86 134 1
86 135 1
86 136 1
86 137 1
86 138 1
86 139 1
86 140 1
86 141 1
86 142 1
86 143 1
86 144 1
86 145 1
86 146 1
86 147 1
86 148 1
86 149 1
86 150 1
86 151 1
86 152 1
86 153 1
86 154 1
86 155 1
86 156 1
86 157 1
86 158 1
86 159 1
86 160 1
86 161 1
86 162 1
86 163 1
86 164 1
86 165 1
86 166 1
86 167 1
86 168 1
86 169 1
86 170 1
86 171 1
86 172 1
86 173 1
86 174 1
86 175 1
86 176 1
86 177 1
86 178 1
86 179 1
86 180 1
86 181 1
86 182 1
86 183 1
86 184 1
86 185 1
86 186 1
86 187 1
86 188 1
86 189 1
86 190 1
86 191 1
86 192 1
86 193 1
86 194 1
86 195 1
87 100 1
87 101 1
87 102 1
87 103 1
87 104 1
87 105 1
87 106 1
87 107 1
87 108 1
87 109 1
87 110 1
87 111 1
87 112 1
87 113 1
87 114 1
87 115 1
87 116 1
87 117 1
87 118 1
87 119 1
87 120 1
87 121 1
87 122 1
87 123 1
87 124 1
87 125 1
87 126 1
87 127 1
87 128 1
87 129 1
87 130 1
87 131 1
87 132 1
87 133 1
87 134 1
87 135 1
87 136 1
87 137 1
87 138 1
87 139 1
87 140 1
87 141 1
87 142 1
87 143 1
87 144 1
87 145 1
87 146 1
87 147 1
87 148 1
87 149 1
87 150 1
87 151 1
87 152 1
87 153 1
87 154 1
87 155 1
87 156 1
87 157 1
87 158 1
87 159 1
87 160 1
87 161 1
87 162 1
87 163 1
87 164 1
87 165 1
87 166 1
87 167 1
87 168 1
87 169 1
87 170 1
87 171 1
87 172 1
87 173 1
87 174 1
87 175 1
87 176 1
87 177 1
87 178 1
87 179 1
87 180 1
87 181 1
87 182 1
87 183 1
87 184 1
87 185 1
87 186 1
87 187 1
87 188 1
87 189 1
87 190 1
87 191 1
87 192 1
87 193 1
87 194 1
87 195 1
88 100 1
88 101 1
88 102 1
88 103 1
88 104 1
88 105 1
88 106 1
88 107 1
88 108 1
88 109 1
88 110 1
88 111 1
88 112 1
88 113 1
88 114 1
88 115 1
88 116 1
88 117 1
88 118 1
88 119 1
88 120 1
88 121 1
88 122 1
88 123 1
88 124 1
88 125 1
88 126 1
88 127 1
88 128 1
88 129 1
88 130 1
88 131 1
88 132 1
88 133 1
88 134 1
88 135 1
88 136 1
88 137 1
88 138 1
88 139 1
88 140 1
88 141 1
88 142 1
88 143 1
88 144 1
88 145 1
88 146 1
88 147 1
88 148 1
88 149 1
88 150 1
88 151 1
88 152 1
88 153 1
88 154 1
88 155 1
88 156 1
88 157 1
88 158 1
88 159 1
88 160 1
88 161 1
88 162 1
88 163 1
88 164 1
88 165 1
88 166 1
88 167 1
88 168 1
88 169 1
88 170 1
88 171 1
88 172 1
88 173 1
88 174 1
88 175 1
88 176 1
88 177 1
88 178 1
88 179 1
88 180 1
88 181 1
88 182 1
88 183 1
88 184 1
88 185 1
88 186 1
88 187 1
88 188 1
88 189 1
88 190 1
88 191 1
88 192 1
88 193 1
88 194 1
88 195 1
89 100 1
89 101 1
89 102 1
89 103 1
89 104 1
89 105 1
89 106 1
89 107 1
89 108 1
89 109 1
89 110 1
89 111 1
89 112 1
89 113 1
89 114 1
89 115 1
89 116 1
89 117 1
89 118 1
89 119 1
89 120 1
89 121 1
89 122 1
89 123 1
89 124 1
89 125 1
89 126 1
89 127 1
89 128 1
89 129 1
89 130 1
89 131 1
89 132 1
89 133 1
89 134 1
89 135 1
89 136 1
89 137 1
89 138 1
89 139 1
89 140 1
89 141 1
89 142 1
89 143 1
89 144 1
89 145 1
89 146 1
89 147 1
89 148 1
89 149 1
89 150 1
89 151 1
89 152 1
89 153 1
89 154 1
89 155 1
89 156 1
89 157 1
89 158 1
89 159 1
89 160 1
89 161 1
89 162 1
89 163 1
89 164 1
89 165 1
89 166 1
89 167 1
89 168 1
89 169 1
89 170 1
89 171 1
89 172 1
89 173 1
89 174 1
89 175 1
89 176 1
89 177 1
89 178 1
89 179 1
89 180 1
89 181 1
89 182 1
89 183 1
89 184 1
89 185 1
89 186 1
89 187 1
89 188 1
89 189 1
89 190 1
89 191 1
89 192 1
89 193 1
89 194 1
89 195 1
90 100 1
90 101 1
90 102 1
90 103 1
90 104 1
90 105 1
90 106 1
90 107 1
90 108 1
90 109 1
90 110 1
90 111 1
90 112 1
90 113 1
90 114 1
90 115 1
90 116 1
90 117 1
90 118 1
90 119 1
90 120 1
90 121 1
90 122 1
90 123 1
90 124 1
90 125 1
90 126 1
90 127 1
90 128 1
90 129 1
90 130 1
90 131 1
90 132 1
90 133 1
90 134 1
90 135 1
90 136 1
90 137 1
90 138 1
90 139 1
90 140 1
90 141 1
90 142 1
90 143 1
90 144 1
90 145 1
90 146 1
90 147 1
90 148 1
90 149 1
90 150 1
90 151 1
90 152 1
90 153 1
90 154 1
90 155 1
90 156 1
90 157 1
90 158 1
90 159 1
90 160 1
90 161 1
90 162 1
90 163 1
90 164 1
90 165 1
90 166 1
90 167 1
90 168 1
90 169 1
90 170 1
90 171 1
90 172 1
90 173 1
90 174 1
90 175 1
90 176 1
90 177 1
90 178 1
90 179 1
90 180 1
90 181 1
90 182 1
90 183 1
90 184 1
90 185 1
90 186 1
90 187 1
90 188 1
90 189 1
90 190 1
90 191 1
90 192 1
90 193 1
90 194 1
90 195 1
91 100 1
91 101 1
91 102 1
91 103 1
91 104 1
91 105 1
91 106 1
91 107 1
91 108 1
91 109 1
91 110 1
91 111 1
91 112 1
91 113 1
91 114 1
91 115 1
91 116 1
91 117 1
91 118 1
91 119 1
91 120 1
91 121 1
91 122 1
91 123 1
91 124 1
91 125 1
91 126 1
91 127 1
91 128 1
91 129 1
91 130 1
91 131 1
91 132 1
91 133 1
91 134 1
91 135 1
91 136 1
91 137 1
91 138 1
91 139 1
91 140 1
91 141 1
91 142 1
91 143 1
91 144 1
91 145 1
91 146 1
91 147 1
91 148 1
91 149 1
91 150 1
91 151 1
91 152 1
91 153 1
91 154 1
91 155 1
91 156 1
91 157 1
91 158 1
91 159 1
91 160 1
91 161 1
91 162 1
91 163 1
91 164 1
91 165 1
91 166 1
91 167 1
91 168 1
91 169 1
91 170 1
91 171 1
91 172 1
91 173 1
91 174 1
91 175 1
91 176 1
91 177 1
91 178 1
91 179 1
91 180 1
91 181 1
91 182 1
91 183 1
91 184 1
91 185 1
91 186 1
91 187 1
91 188 1
91 189 1
91 190 1
91 191 1
91 192 1
91 193 1
91 194 1
91 195 1
92 100 1
92 101 1
92 102 1
92 103 1
92 104 1
92 105 1
92 106 1
92 107 1
92 108 1
92 109 1
92 110 1
92 111 1
92 112 1
92 113 1
92 114 1
92 115 1
92 116 1
92 117 1
92 118 1
92 119 1
92 120 1
92 121 1
92 122 1
92 123 1
92 124 1
92 125 1
92 126 1
92 127 1
92 128 1
92 129 1
92 130 1
92 131 1
92 132 1
92 133 1
92 134 1
92 135 1
92 136 1
92 137 1
92 138 1
92 139 1
92 140 1
92 141 1
92 142 1
92 143 1
92 144 1
92 145 1
92 146 1
92 147 1
92 148 1
92 149 1
92 150 1
92 151 1
92 152 1
92 153 1
92 154 1
92 155 1
92 156 1
92 157 1
92 158 1
92 159 1
92 160 1
92 161 1
92 162 1
92 163 1
92 164 1
92 165 1
92 166 1
92 167 1
92 168 1
92 169 1
92 170 1
92 171 1
92 172 1
92 173 1
92 174 1
92 175 1
92 176 1
92 177 1
92 178 1
92 179 1
92 180 1
92 181 1
92 182 1
92 183 1
92 184 1
92 185 1
92 186 1
92 187 1
92 188 1
92 189 1
92 190 1
92 191 1
92 192 1
92 193 1
92 194 1
92 195 1
93 100 1
93 101 1
93 102 1
93 103 1
93 104 1
93 105 1
93 106 1
93 107 1
93 108 1
93 109 1
93 110 1
93 111 1
93 112 1
93 113 1
93 114 1
93 115 1
93 116 1
93 117 1
93 118 1
93 119 1
93 120 1
93 121 1
93 122 1
93 123 1
93 124 1
93 125 1
93 126 1
93 127 1
93 128 1
93 129 1
93 130 1
93 131 1
93 132 1
93 133 1
93 134 1
93 135 1
93 136 1
93 137 1
93 138 1
93 139 1
93 140 1
93 141 1
93 142 1
93 143 1
93 144 1
93 145 1
93 146 1
93 147 1
93 148 1
93 149 1
93 150 1
93 151 1
93 152 1
93 153 1
93 154 1
93 155 1
93 156 1
93 157 1
93 158 1
93 159 1
93 160 1
93 161 1
93 162 1
93 163 1
93 164 1
93 165 1
93 166 1
93 167 1
93 168 1
93 169 1
93 170 1
93 171 1
93 172 1
93 173 1
93 174 1
93 175 1
93 176 1
93 177 1
93 178 1
93 179 1
93 180 1
93 181 1
93 182 1
93 183 1
93 184 1
93 185 1
93 186 1
93 187 1
93 188 1
93 189 1
93 190 1
93 191 1
93 192 1
93 193 1
93 194 1
93 195 1
94 100 1
94 101 1
94 102 1
94 103 1
94 104 1
94 105 1
94 106 1
94 107 1
94 108 1
94 109 1
94 110 1
94 111 1
94 112 1
94 113 1
94 114 1
94 115 1
94 116 1
94 117 1
94 118 1
94 119 1
94 120 1
94 121 1
94 122 1
94 123 1
94 124 1
94 125 1
94 126 1
94 127 1
94 128 1
94 129 1
94 130 1
94 131 1
94 132 1
94 133 1
94 134 1
94 135 1
94 136 1
94 137 1
94 138 1
94 139 1
94 140 1
94 141 1
94 142 1
94 143 1
94 144 1
94 145 1
94 146 1
94 147 1
94 148 1
94 149 1
94 150 1
94 151 1
94 152 1
94 153 1
94 154 1
94 155 1
94 156 1
94 157 1
94 158 1
94 159 1
94 160 1
94 161 1
94 162 1
94 163 1
94 164 1
94 165 1
94 166 1
94 167 1
94 168 1
94 169 1
94 170 1
94 171 1
94 172 1
94 173 1
94 174 1
94 175 1
94 176 1
94 177 1
94 178 1
94 179 1
94 180 1
94 181 1
94 182 1
94 183 1
94 184 1
94 185 1
94 186 1
94 187 1
94 188 1
94 189 1
94 190 1
94 191 1
94 192 1
94 193 1
94 194 1
94 195 1
95 100 1
95 101 1
95 102 1
95 103 1
95 104 1
95 105 1
95 106 1
95 107 1
95 108 1
95 109 1
95 110 1
95 111 1
95 112 1
95 113 1
95 114 1
95 115 1
95 116 1
95 117 1
95 118 1
95 119 1
95 120 1
95 121 1
95 122 1
95 123 1
95 124 1
95 125 1
95 126 1
95 127 1
95 128 1
95 129 1
95 130 1
95 131 1
95 132 1
95 133 1
95 134 1
95 135 1
95 136 1
95 137 1
95 138 1
95 139 1
95 140 1
95 141 1
95 142 1
95 143 1
95 144 1
95 145 1
95 146 1
95 147 1
95 148 1
95 149 1
95 150 1
95 151 1
95 152 1
95 153 1
95 154 1
95 155 1
95 156 1
95 157 1
95 158 1
95 159 1
95 160 1
95 161 1
95 162 1
95 163 1
95 164 1
95 165 1
95 166 1
95 167 1
95 168 1
95 169 1
95 170 1
95 171 1
95 172 1
95 173 1
95 174 1
95 175 1
95 176 1
95 177 1
95 178 1
95 179 1
95 180 1
95 181 1
95 182 1
95 183 1
95 184 1
95 185 1
95 186 1
95 187 1
95 188 1
95 189 1
95 190 1
95 191 1
95 192 1
95 193 1
95 194 1
95 195 1
96 100 1
96 101 1
96 102 1
96 103 1
96 104 1
96 105 1
96 106 1
96 107 1
96 108 1
96 109 1
96 110 1
96 111 1
96 112 1
96 113 1
96 114 1
96 115 1
96 116 1
96 117 1
96 118 1
96 119 1
96 120 1
96 121 1
96 122 1
96 123 1
96 124 1
96 125 1
96 126 1
96 127 1
96 128 1
96 129 1
96 130 1
96 131 1
96 132 1
96 133 1
96 134 1
96 135 1
96 136 1
96 137 1
96 138 1
96 139 1
96 140 1
96 141 1
96 142 1
96 143 1
96 144 1
96 145 1
96 146 1
96 147 1
96 148 1
96 149 1
96 150 1
96 151 1
96 152 1
96 153 1
96 154 1
96 155 1
96 156 1
96 157 1
96 158 1
96 159 1
96 160 1
96 161 1
96 162 1
96 163 1
96 164 1
96 165 1
96 166 1
96 167 1
96 168 1
96 169 1
96 170 1
96 171 1
96 172 1
96 173 1
96 174 1
96 175 1
96 176 1
96 177 1
96 178 1
96 179 1
96 180 1
96 181 1
96 182 1
96 183 1
96 184 1
96 185 1
96 186 1
96 187 1
96 188 1
96 189 1
96 190 1
96 191 1
96 192 1
96 193 1
96 194 1
96 195 1
97 100 1
97 101 1
97 102 1
97 103 1
97 104 1
97 105 1
97 106 1
97 107 1
97 108 1
97 109 1
97 110 1
97 111 1
97 112 1
97 113 1
97 114 1
97 115 1
97 116 1
97 117 1
97 118 1
97 119 1
97 120 1
97 121 1
97 122 1
97 123 1
97 124 1
97 125 1
97 126 1
97 127 1
97 128 1
97 129 1
97 130 1
97 131 1
97 132 1
97 133 1
97 134 1
97 135 1
97 136 1
97 137 1
97 138 1
97 139 1
97 140 1
97 141 1
97 142 1
97 143 1
97 144 1
97 145 1
97 146 1
97 147 1
97 148 1
97 149 1
97 150 1
97 151 1
97 152 1
97 153 1
97 154 1
97 155 1
97 156 1
97 157 1
97 158 1
97 159 1
97 160 1
97 161 1
97 162 1
97 163 1
97 164 1
97 165 1
97 166 1
97 167 1
97 168 1
97 169 1
97 170 1
97 171 1
97 172 1
97 173 1
97 174 1
97 175 1
97 176 1
97 177 1
97 178 1
97 179 1
97 180 1
97 181 1
97 182 1
97 183 1
97 184 1
97 185 1
97 186 1
97 187 1
97 188 1
97 189 1
97 190 1
97 191 1
97 192 1
97 193 1
97 194 1
97 195 1
98 100 1
98 101 1
98 102 1
98 103 1
98 104 1
98 105 1
98 106 1
98 107 1
98 108 1
98 109 1
98 110 1
98 111 1
98 112 1
98 113 1
98 114 1
98 115 1
98 116 1
98 117 1
98 118 1
98 119 1
98 120 1
98 121 1
98 122 1
98 123 1
98 124 1
98 125 1
98 126 1
98 127 1
98 128 1
98 129 1
98 130 1
98 131 1
98 132 1
98 133 1
98 134 1
98 135 1
98 136 1
98 137 1
98 138 1
98 139 1
98 140 1
98 141 1
98 142 1
98 143 1
98 144 1
98 145 1
98 146 1
98 147 1
98 148 1
98 149 1
98 150 1
98 151 1
98 152 1
98 153 1
98 154 1
98 155 1
98 156 1
98 157 1
98 158 1
98 159 1
98 160 1
98 161 1
98 162 1
98 163 1
98 164 1
98 165 1
98 166 1
98 167 1
98 168 1
98 169 1
98 170 1
98 171 1
98 172 1
98 173 1
98 174 1
98 175 1
98 176 1
98 177 1
98 178 1
98 179 1
98 180 1
98 181 1
98 182 1
98 183 1
98 184 1
98 185 1
98 186 1
98 187 1
98 188 1
98 189 1
98 190 1
98 191 1
98 192 1
98 193 1
98 194 1
98 195 1
99 100 1
99 101 1
99 102 1
99 103 1
99 104 1
99 105 1
99 106 1
99 107 1
99 108 1
99 109 1
99 110 1
99 111 1
99 112 1
99 113 1
99 114 1
99 115 1
99 116 1
99 117 1
99 118 1
99 119 1
99 120 1
99 121 1
99 122 1
99 123 1
99 124 1
99 125 1
99 126 1
99 127 1
99 128 1
99 129 1
99 130 1
99 131 1
99 132 1
99 133 1
99 134 1
99 135 1
99 136 1
99 137 1
99 138 1
99 139 1
99 140 1
99 141 1
99 142 1
99 143 1
99 144 1
99 145 1
99 146 1
99 147 1
99 148 1
99 149 1
99 150 1
99 151 1
99 152 1
99 153 1
99 154 1
99 155 1
99 156 1
99 157 1
99 158 1
99 159 1
99 160 1
99 161 1
99 162 1
99 163 1
99 164 1
99 165 1
99 166 1
99 167 1
99 168 1
99 169 1
99 170 1
99 171 1
99 172 1
99 173 1
99 174 1
99 175 1
99 176 1
99 177 1
99 178 1
99 179 1
99 180 1
99 181 1
99 182 1
99 183 1
99 184 1
99 185 1
99 186 1
99 187 1
99 188 1
99 189 1
99 190 1
99 191 1
99 192 1
99 193 1
99 194 1
99 195 1
2 4 1000000000
2 5 1000000000
2 6 1000000000
2 7 1000000000
2 8 1000000000
2 9 1000000000
2 10 1000000000
2 11 1000000000
2 12 1000000000
2 13 1000000000
2 14 1000000000
2 15 1000000000
2 16 1000000000
2 17 1000000000
2 18 1000000000
2 19 1000000000
2 20 1000000000
2 21 1000000000
2 22 1000000000
2 23 1000000000
2 24 1000000000
2 25 1000000000
2 26 1000000000
2 27 1000000000
2 28 1000000000
2 29 1000000000
2 30 1000000000
2 31 1000000000
2 32 1000000000
2 33 1000000000
2 34 1000000000
2 35 1000000000
2 36 1000000000
2 37 1000000000
2 38 1000000000
2 39 1000000000
2 40 1000000000
2 41 1000000000
2 42 1000000000
2 43 1000000000
2 44 1000000000
2 45 1000000000
2 46 1000000000
2 47 1000000000
2 48 1000000000
2 49 1000000000
2 50 1000000000
2 51 1000000000
2 52 1000000000
2 53 1000000000
2 54 1000000000
2 55 1000000000
2 56 1000000000
2 57 1000000000
2 58 1000000000
2 59 1000000000
2 60 1000000000
2 61 1000000000
2 62 1000000000
2 63 1000000000
2 64 1000000000
2 65 1000000000
2 66 1000000000
2 67 1000000000
2 68 1000000000
2 69 1000000000
2 70 1000000000
2 71 1000000000
2 72 1000000000
2 73 1000000000
2 74 1000000000
2 75 1000000000
2 76 1000000000
2 77 1000000000
2 78 1000000000
2 79 1000000000
2 80 1000000000
2 81 1000000000
2 82 1000000000
2 83 1000000000
2 84 1000000000
2 85 1000000000
2 86 1000000000
2 87 1000000000
2 88 1000000000
2 89 1000000000
2 90 1000000000
2 91 1000000000
2 92 1000000000
2 93 1000000000
2 94 1000000000
2 95 1000000000
2 96 1000000000
2 97 1000000000
2 98 1000000000
2 99 1000000000
3 100 1000000000
3 101 1000000000
3 102 1000000000
3 103 1000000000
3 104 1000000000
3 105 1000000000
3 106 1000000000
3 107 1000000000
3 108 1000000000
3 109 1000000000
3 110 1000000000
3 111 1000000000
3 112 1000000000
3 113 1000000000
3 114 1000000000
3 115 1000000000
3 116 1000000000
3 117 1000000000
3 118 1000000000
3 119 1000000000
3 120 1000000000
3 121 1000000000
3 122 1000000000
3 123 1000000000
3 124 1000000000
3 125 1000000000
3 126 1000000000
3 127 1000000000
3 128 1000000000
3 129 1000000000
3 130 1000000000
3 131 1000000000
3 132 1000000000
3 133 1000000000
3 134 1000000000
3 135 1000000000
3 136 1000000000
3 137 1000000000
3 138 1000000000
3 139 1000000000
3 140 1000000000
3 141 1000000000
3 142 1000000000
3 143 1000000000
3 144 1000000000
3 145 1000000000
3 146 1000000000
3 147 1000000000
3 148 1000000000
3 149 1000000000
3 150 1000000000
3 151 1000000000
3 152 1000000000
3 153 1000000000
3 154 1000000000
3 155 1000000000
3 156 1000000000
3 157 1000000000
3 158 1000000000
3 159 1000000000
3 160 1000000000
3 161 1000000000
3 162 1000000000
3 163 1000000000
3 164 1000000000
3 165 1000000000
3 166 1000000000
3 167 1000000000
3 168 1000000000
3 169 1000000000
3 170 1000000000
3 171 1000000000
3 172 1000000000
3 173 1000000000
3 174 1000000000
3 175 1000000000
3 176 1000000000
3 177 1000000000
3 178 1000000000
3 179 1000000000
3 180 1000000000
3 181 1000000000
3 182 1000000000
3 183 1000000000
3 184 1000000000
3 185 1000000000
3 186 1000000000
3 187 1000000000
3 188 1000000000
3 189 1000000000
3 190 1000000000
3 191 1000000000
3 192 1000000000
3 193 1000000000
3 194 1000000000
3 195 1000000000
4 197 1000000000
5 197 1000000000
6 197 1000000000
7 197 1000000000
8 197 1000000000
9 197 1000000000
10 197 1000000000
11 197 1000000000
12 197 1000000000
13 197 1000000000
14 197 1000000000
15 197 1000000000
16 197 1000000000
17 197 1000000000
18 197 1000000000
19 197 1000000000
20 197 1000000000
21 197 1000000000
22 197 1000000000
23 197 1000000000
24 197 1000000000
25 197 1000000000
26 197 1000000000
27 197 1000000000
28 197 1000000000
29 197 1000000000
30 197 1000000000
31 197 1000000000
32 197 1000000000
33 197 1000000000
34 197 1000000000
35 197 1000000000
36 197 1000000000
37 197 1000000000
38 197 1000000000
39 197 1000000000
40 197 1000000000
41 197 1000000000
42 197 1000000000
43 197 1000000000
44 197 1000000000
45 197 1000000000
46 197 1000000000
47 197 1000000000
48 197 1000000000
49 197 1000000000
50 197 1000000000
51 197 1000000000
52 197 1000000000
53 197 1000000000
54 197 1000000000
55 197 1000000000
56 197 1000000000
57 197 1000000000
58 197 1000000000
59 197 1000000000
60 197 1000000000
61 197 1000000000
62 197 1000000000
63 197 1000000000
64 197 1000000000
65 197 1000000000
66 197 1000000000
67 197 1000000000
68 197 1000000000
69 197 1000000000
70 197 1000000000
71 197 1000000000
72 197 1000000000
73 197 1000000000
74 197 1000000000
75 197 1000000000
76 197 1000000000
77 197 1000000000
78 197 1000000000
79 197 1000000000
80 197 1000000000
81 197 1000000000
82 197 1000000000
83 197 1000000000
84 197 1000000000
85 197 1000000000
86 197 1000000000
87 197 1000000000
88 197 1000000000
89 197 1000000000
90 197 1000000000
91 197 1000000000
92 197 1000000000
93 197 1000000000
94 197 1000000000
95 197 1000000000
96 197 1000000000
97 197 1000000000
98 197 1000000000
99 197 1000000000
100 196 1000000000
101 196 1000000000
102 196 1000000000
103 196 1000000000
104 196 1000000000
105 196 1000000000
106 196 1000000000
107 196 1000000000
108 196 1000000000
109 196 1000000000
110 196 1000000000
111 196 1000000000
112 196 1000000000
113 196 1000000000
114 196 1000000000
115 196 1000000000
116 196 1000000000
117 196 1000000000
118 196 1000000000
119 196 1000000000
120 196 1000000000
121 196 1000000000
122 196 1000000000
123 196 1000000000
124 196 1000000000
125 196 1000000000
126 196 1000000000
127 196 1000000000
128 196 1000000000
129 196 1000000000
130 196 1000000000
131 196 1000000000
132 196 1000000000
133 196 1000000000
134 196 1000000000
135 196 1000000000
136 196 1000000000
137 196 1000000000
138 196 1000000000
139 196 1000000000
140 196 1000000000
141 196 1000000000
142 196 1000000000
143 196 1000000000
144 196 1000000000
145 196 1000000000
146 196 1000000000
147 196 1000000000
148 196 1000000000
149 196 1000000000
150 196 1000000000
151 196 1000000000
152 196 1000000000
153 196 1000000000
154 196 1000000000
155 196 1000000000
156 196 1000000000
157 196 1000000000
158 196 1000000000
159 196 1000000000
160 196 1000000000
161 196 1000000000
162 196 1000000000
163 196 1000000000
164 196 1000000000
165 196 1000000000
166 196 1000000000
167 196 1000000000
168 196 1000000000
169 196 1000000000
170 196 1000000000
171 196 1000000000
172 196 1000000000
173 196 1000000000
174 196 1000000000
175 196 1000000000
176 196 1000000000
177 196 1000000000
178 196 1000000000
179 196 1000000000
180 196 1000000000
181 196 1000000000
182 196 1000000000
183 196 1000000000
184 196 1000000000
185 196 1000000000
186 196 1000000000
187 196 1000000000
188 196 1000000000
189 196 1000000000
190 196 1000000000
191 196 1000000000
192 196 1000000000
193 196 1000000000
194 196 1000000000
195 196 1000000000
1 2 9216
196 498 9216
1 198 9216
198 199 1000000000
199 3 1000000000
197 200 1000000000
200 201 1000000000
201 498 9216
1 202 9216
202 203 1000000000
203 204 1000000000
204 205 1000000000
205 2 1000000000
196 206 1000000000
206 207 1000000000
207 208 1000000000
208 209 1000000000
209 498 9216
1 210 9216
210 211 1000000000
211 212 1000000000
212 213 1000000000
213 198 1000000000
201 214 1000000000
214 215 1000000000
215 216 1000000000
216 217 1000000000
217 498 9216
1 218 9216
218 219 1000000000
219 220 1000000000
220 221 1000000000
221 202 1000000000
209 222 1000000000
222 223 1000000000
223 224 1000000000
224 225 1000000000
225 498 9216
1 226 9216
226 227 1000000000
227 228 1000000000
228 229 1000000000
229 210 1000000000
217 230 1000000000
230 231 1000000000
231 232 1000000000
232 233 1000000000
233 498 9216
1 234 9216
234 235 1000000000
235 236 1000000000
236 237 1000000000
237 218 1000000000
225 238 1000000000
238 239 1000000000
239 240 1000000000
240 241 1000000000
241 498 9216
1 242 9216
242 243 1000000000
243 244 1000000000
244 245 1000000000
245 226 1000000000
233 246 1000000000
246 247 1000000000
247 248 1000000000
248 249 1000000000
249 498 9216
1 250 9216
250 251 1000000000
251 252 1000000000
252 253 1000000000
253 234 1000000000
241 254 1000000000
254 255 1000000000
255 256 1000000000
256 257 1000000000
257 498 9216
1 258 9216
258 259 1000000000
259 260 1000000000
260 261 1000000000
261 242 1000000000
249 262 1000000000
262 263 1000000000
263 264 1000000000
264 265 1000000000
265 498 9216
1 266 9216
266 267 1000000000
267 268 1000000000
268 269 1000000000
269 250 1000000000
257 270 1000000000
270 271 1000000000
271 272 1000000000
272 273 1000000000
273 498 9216
1 274 9216
274 275 1000000000
275 276 1000000000
276 277 1000000000
277 258 1000000000
265 278 1000000000
278 279 1000000000
279 280 1000000000
280 281 1000000000
281 498 9216
1 282 9216
282 283 1000000000
283 284 1000000000
284 285 1000000000
285 266 1000000000
273 286 1000000000
286 287 1000000000
287 288 1000000000
288 289 1000000000
289 498 9216
1 290 9216
290 291 1000000000
291 292 1000000000
292 293 1000000000
293 274 1000000000
281 294 1000000000
294 295 1000000000
295 296 1000000000
296 297 1000000000
297 498 9216
1 298 9216
298 299 1000000000
299 300 1000000000
300 301 1000000000
301 282 1000000000
289 302 1000000000
302 303 1000000000
303 304 1000000000
304 305 1000000000
305 498 9216
1 306 9216
306 307 1000000000
307 308 1000000000
308 309 1000000000
309 290 1000000000
297 310 1000000000
310 311 1000000000
311 312 1000000000
312 313 1000000000
313 498 9216
1 314 9216
314 315 1000000000
315 316 1000000000
316 317 1000000000
317 298 1000000000
305 318 1000000000
318 319 1000000000
319 320 1000000000
320 321 1000000000
321 498 9216
1 322 9216
322 323 1000000000
323 324 1000000000
324 325 1000000000
325 306 1000000000
313 326 1000000000
326 327 1000000000
327 328 1000000000
328 329 1000000000
329 498 9216
1 330 9216
330 331 1000000000
331 332 1000000000
332 333 1000000000
333 314 1000000000
321 334 1000000000
334 335 1000000000
335 336 1000000000
336 337 1000000000
337 498 9216
1 338 9216
338 339 1000000000
339 340 1000000000
340 341 1000000000
341 322 1000000000
329 342 1000000000
342 343 1000000000
343 344 1000000000
344 345 1000000000
345 498 9216
1 346 9216
346 347 1000000000
347 348 1000000000
348 349 1000000000
349 330 1000000000
337 350 1000000000
350 351 1000000000
351 352 1000000000
352 353 1000000000
353 498 9216
1 354 9216
354 355 1000000000
355 356 1000000000
356 357 1000000000
357 338 1000000000
345 358 1000000000
358 359 1000000000
359 360 1000000000
360 361 1000000000
361 498 9216
1 362 9216
362 363 1000000000
363 364 1000000000
364 365 1000000000
365 346 1000000000
353 366 1000000000
366 367 1000000000
367 368 1000000000
368 369 1000000000
369 498 9216
1 370 9216
370 371 1000000000
371 372 1000000000
372 373 1000000000
373 354 1000000000
361 374 1000000000
374 375 1000000000
375 376 1000000000
376 377 1000000000
377 498 9216
1 378 9216
378 379 1000000000
379 380 1000000000
380 381 1000000000
381 362 1000000000
369 382 1000000000
382 383 1000000000
383 384 1000000000
384 385 1000000000
385 498 9216
1 386 9216
386 387 1000000000
387 388 1000000000
388 389 1000000000
389 370 1000000000
377 390 1000000000
390 391 1000000000
391 392 1000000000
392 393 1000000000
393 498 9216
1 394 9216
394 395 1000000000
395 396 1000000000
396 397 1000000000
397 378 1000000000
385 398 1000000000
398 399 1000000000
399 400 1000000000
400 401 1000000000
401 498 9216
1 402 9216
402 403 1000000000
403 404 1000000000
404 405 1000000000
405 386 1000000000
393 406 1000000000
406 407 1000000000
407 408 1000000000
408 409 1000000000
409 498 9216
1 410 9216
410 411 1000000000
411 412 1000000000
412 413 1000000000
413 394 1000000000
401 414 1000000000
414 415 1000000000
415 416 1000000000
416 417 1000000000
417 498 9216
1 418 9216
418 419 1000000000
419 420 1000000000
420 421 1000000000
421 402 1000000000
409 422 1000000000
422 423 1000000000
423 424 1000000000
424 425 1000000000
425 498 9216
1 426 9216
426 427 1000000000
427 428 1000000000
428 429 1000000000
429 410 1000000000
417 430 1000000000
430 431 1000000000
431 432 1000000000
432 433 1000000000
433 498 9216
1 434 9216
434 435 1000000000
435 436 1000000000
436 437 1000000000
437 418 1000000000
425 438 1000000000
438 439 1000000000
439 440 1000000000
440 441 1000000000
441 498 9216
1 442 9216
442 443 1000000000
443 444 1000000000
444 445 1000000000
445 426 1000000000
433 446 1000000000
446 447 1000000000
447 448 1000000000
448 449 1000000000
449 498 9216
1 450 9216
450 451 1000000000
451 452 1000000000
452 453 1000000000
453 434 1000000000
441 454 1000000000
454 455 1000000000
455 456 1000000000
456 457 1000000000
457 498 9216
1 458 9216
458 459 1000000000
459 460 1000000000
460 461 1000000000
461 442 1000000000
449 462 1000000000
462 463 1000000000
463 464 1000000000
464 465 1000000000
465 498 9216
1 466 9216
466 467 1000000000
467 468 1000000000
468 469 1000000000
469 450 1000000000
457 470 1000000000
470 471 1000000000
471 472 1000000000
472 473 1000000000
473 498 9216
1 474 9216
474 475 1000000000
475 476 1000000000
476 477 1000000000
477 458 1000000000
465 478 1000000000
478 479 1000000000
479 480 1000000000
480 481 1000000000
481 498 9216
1 482 9216
482 483 1000000000
483 484 1000000000
484 485 1000000000
485 466 1000000000
473 486 1000000000
486 487 1000000000
487 488 1000000000
488 489 1000000000
489 498 9216
1 490 9216
490 491 1000000000
491 492 1000000000
492 493 1000000000
493 474 1000000000
481 494 1000000000
494 495 1000000000
495 496 1000000000
496 497 1000000000
497 498 9216
