4
Ñ 3 0 0 0
Ñ 3 0 0 1
Ñ 3 0 0 1
Ñ 3 0 0 1
22
P 1000 1000 1000 1000
C 1000 1000 1000 1000
P 1000 1000 1000 1000
C 1000 1000 1000 1000
C 1000 1000 1000 1000
P 1000 1000 1000 1000
C 1000 1000 1000 1000
P 1000 1000 1000 1000
P 1000 1000 1000 1000
C 1000 1000 1000 1000
C 1000 1000 1000 1000
C 1000 1000 1000 1000
P 1000 1000 1000 1000
P 1000 1000 1000 1000
C 1000 1000 1000 1000
C 1000 1000 1000 1000
C 1000 1000 1000 1000
P 1000 1000 1000 1000
C 1000 1000 1000 1000
P 1000 1000 1000 1000
P 1000 1000 1000 1000
P 1000 1000 1000 1000

