100 100
6484 6484 6484 6484 6484 6484 6484 6840 6840 5541 5541 5541 5541 6818 6818 6818 6818 6818 5541 5541 5541 5541 5541 9607 9607 7811 7811 7811 7811 7811 7811 7811 7811 9364 7811 7811 7811 7811 7811 7811 7811 7811 7811 7811 7811 7811 7811 7811 7811 7811 7811 8261 8261 8261 8261 7811 7811 2043 2043 1135 1135 1135 1135 354 4304 4304 4304 9834 1445 8024 8024 2500 2500 1103 9834 9834 9834 9834 9834 9834 7811 7811 7811 7811 7811 7811 7811 7811 7811 7811 7811 7811 7811 8077 8077 952 8662 8662 8662 7763
6484 3778 6484 5541 6484 6484 5541 5541 5541 5541 5541 5541 5541 5541 5541 6818 6818 5541 5541 5541 5541 5541 5541 5541 9607 9607 7811 7811 7811 6787 7811 7811 7811 9364 7811 7811 7811 7811 7811 7811 7811 7811 7811 508 7811 7811 7811 7811 7811 7811 7811 6826 8261 8261 8261 7811 7811 2043 2043 1135 1135 1135 1135 1135 1179 1179 4304 9834 9834 9834 9834 9834 9834 9834 9834 9834 9834 3982 7811 7811 7811 7811 7811 7811 7811 7811 7811 7811 7811 7811 7811 7811 7811 2620 9723 2397 8662 8662 7198 7198
5541 5541 5541 5541 5541 5541 5541 5541 5541 5541 5541 5541 5541 5541 5541 5541 5541 5541 5541 5541 5541 5541 5541 5541 7811 7811 7811 7811 7811 7811 7811 7811 7811 5591 5591 7811 7811 7811 7811 7811 7811 7811 7811 7811 7811 1113 7811 7811 7811 7811 7811 7811 7811 8261 8261 7811 7811 7811 7811 1135 1135 1135 1135 1135 3991 4304 4304 9834 9834 9834 9834 9834 9834 9834 9834 7811 7811 7811 7811 7811 7811 7811 7811 7811 7811 7811 7811 7811 7811 7811 7811 7811 9723 9723 9723 9723 9723 2110 7198 7198
5541 5541 5541 5541 5541 7493 5541 5541 5541 5541 5541 5541 5541 5541 5541 5541 5541 5541 5541 5541 5541 5541 5541 5541 7811 7811 7811 7811 7811 7811 7811 7811 9222 5591 5591 7811 7811 7811 7811 7811 7811 7811 7811 7811 8686 7811 7811 7811 7811 7811 7811 7811 7811 9383 7811 7811 7811 7811 7811 7811 1135 972 1135 1135 1135 1135 4304 9834 9834 9834 9834 9834 9834 9834 9834 7811 2259 7811 7811 7811 7811 7811 7811 7811 7811 7811 7811 7811 7811 7811 7811 7811 7811 7811 9723 9723 9723 9621 7198 7198
5541 5541 5541 5541 5541 5541 5541 5541 5541 5541 5541 5541 5541 5541 5541 5541 5541 5541 5541 5541 5541 5541 5541 5541 7811 1045 7811 7811 7811 7811 7811 7811 7811 7811 7811 7811 7811 7811 7811 7811 7811 7811 7811 1794 1794 7811 7811 7811 7811 7811 7811 7811 7811 9738 7811 7811 7811 7811 7811 7811 1135 1135 1135 1135 1135 1135 7811 7811 7811 9834 9834 9834 9834 9834 9834 7811 2259 7811 7811 7811 7811 7811 7811 7811 7811 7811 7811 7811 7811 9562 7811 7811 7811 7811 9723 9723 9621 9621 9621 9621
5541 5541 5541 5541 5541 5541 5541 5541 5541 5541 5541 5541 5541 5541 5541 5541 5541 5541 5541 5541 5541 5541 5541 5541 3983 3983 9003 7811 7811 7811 7811 7811 7811 7811 7811 7811 7811 3087 7811 7811 7811 7811 5842 7811 7811 7811 7811 7811 7811 7811 7811 7811 7811 7811 7811 7811 7811 7811 7811 7811 7811 7811 7811 1135 1639 1135 1135 7811 7811 7811 9834 9834 9834 9834 9834 7811 7811 7811 7811 7811 7811 7811 7811 7811 7811 651 7811 7811 7811 7811 7811 7811 5795 7811 7811 9621 9621 9621 9621 842
242 1466 5541 5541 5541 5541 5541 5541 5541 5541 5541 5541 5541 5541 5541 2823 2823 5541 5541 5541 5541 5541 5541 5541 9366 3983 7811 7811 7811 7811 7811 7811 7811 7811 7811 7811 7811 1272 7811 7811 7811 7811 7811 7811 7811 7811 7811 7811 6999 7811 7811 7811 7811 7811 7811 7811 7811 7811 7811 7811 7811 7811 7811 7811 7811 370 7811 7811 7811 7811 7811 7811 9834 9834 2447 7811 7811 7811 7811 7811 7811 7811 7811 7811 7811 7811 7811 7811 7811 7811 7811 7811 7811 7811 7811 7496 9621 9621 9740 9740
2513 5694 5541 5541 9087 9848 9087 5541 5541 5541 5541 5541 5541 5541 9020 2823 2823 5541 5541 5541 5541 5541 5541 5541 2225 7811 7811 7811 7811 7811 7811 7811 7811 7811 7811 7811 7811 7811 7811 7811 7811 7811 7811 7811 7811 7811 8361 9348 6999 7811 7811 7811 7811 7811 7811 7811 7811 7811 7811 7811 7811 7811 7811 7811 7811 1895 1895 1895 7811 7811 7811 7811 7811 7811 7811 7811 7282 1786 7811 7811 408 7811 7811 7811 8978 7811 7811 7811 7811 7811 7811 7811 7811 7811 7811 7811 7811 994 9740 9740
2592 5694 5694 43 9087 9087 9087 5541 5541 5541 5541 5541 5541 5541 5541 5541 5541 5541 7232 705 6737 9126 6642 5541 5541 5541 5541 9791 9791 7811 7811 7811 7811 7811 7811 7811 7811 7811 7811 7811 7811 7811 7811 7811 7811 7811 8361 7811 7811 7811 7811 7811 7811 3077 7811 7811 7811 7811 7811 7811 7811 7811 7811 7811 7811 7811 7811 7811 7811 7811 7811 7811 7811 7811 7811 7811 7811 9540 9540 9540 1396 7811 7811 7811 7811 7811 7811 7811 7811 2713 2713 7811 7811 7811 7811 7811 7811 994 5876 5876
2592 5694 5694 7837 9087 9087 9087 9087 9087 5541 5541 5541 5541 5541 5541 5541 5541 5541 2838 2838 6737 3617 5541 5541 5541 5541 5541 5541 9791 7811 7811 7811 7811 7811 7811 7811 7811 7811 7811 7811 7811 7811 7811 7811 7811 7811 7811 7811 7811 7811 7811 7811 7811 7811 7811 7811 7811 7811 4444 4444 7811 7811 7811 7811 7811 7811 7811 7811 7811 7811 7811 7811 7811 7811 7811 7811 7811 4465 9540 2446 1396 7811 7811 7811 7811 7811 7811 7811 7811 7811 7811 7811 7811 7811 7811 7811 7811 5005 7042 9314
2592 7917 5694 2612 9087 9087 9087 9087 5541 5541 5541 5541 5541 5541 5541 5541 5541 3509 6203 2838 3181 3181 5541 5541 5541 2412 5541 6793 5292 7811 7811 7811 7811 7811 7811 8433 7811 7811 7811 7811 7811 7811 7811 7811 9920 7811 7811 7811 7811 7811 7811 7811 7811 7811 7811 7811 7811 9077 9077 9077 7811 7811 7811 7811 7811 7811 7811 7811 7811 7811 7811 7811 7811 7811 7811 7811 7811 7811 7811 7811 7811 7811 7811 7811 7811 7811 7811 7811 7811 7811 7811 7811 7811 7811 7811 7811 7811 3396 4598 4598
5917 9087 9087 9087 9087 9087 9087 5541 5541 5541 5541 5541 5541 5541 5541 5541 5541 6139 2838 2838 3181 3181 5541 5541 5541 5541 5541 5884 4368 7811 7811 7811 7811 7811 7811 7811 7811 7811 7811 7811 7811 7811 7811 7811 7811 7811 7811 7811 7811 7811 7811 8862 7811 7811 7811 7811 7811 9077 9077 9077 9077 9077 7811 7811 7811 7811 7811 7811 7811 7811 7811 7811 7811 2174 7811 8890 7811 7811 7811 7577 7811 7811 7811 7811 7811 7811 7811 7811 7811 7811 7811 7811 7811 7811 748 748 7811 7811 7811 7811
9087 9087 9087 9087 9087 9087 7360 5541 5541 7973 5541 5541 5541 5541 5541 5541 5541 2838 2838 2825 1972 8934 5541 5541 5541 5541 5541 5239 4368 7811 7811 7811 7811 7811 7811 7811 7811 7811 7811 7811 7811 7811 7811 7811 7811 8294 8294 7811 7811 7811 7811 1061 50 8213 8 7811 7811 7811 9077 9077 9077 9077 7811 1409 7811 7811 7811 7811 7811 5524 7811 7811 7811 2174 7811 6827 7811 7811 7811 7811 7811 7811 7811 7811 4019 7811 7811 7811 7811 7475 7475 7811 7811 7811 7811 7811 7811 7811 7811 7811
9087 9087 9087 9087 9087 9087 7360 7360 5541 5541 3064 5541 2838 2838 2838 2838 5541 2838 2838 8934 8934 8934 5541 5541 5541 5541 5541 4368 4368 4368 7811 7811 7811 7811 7811 7811 7811 7811 7948 7811 7811 7811 3963 3963 3313 3313 3313 2128 7811 4350 7811 7811 7811 7864 7864 7811 7811 7811 9077 9077 9077 9077 7811 7811 7811 7811 7811 7811 4776 7811 7811 7811 7811 5550 7811 6827 7811 7811 7811 7811 7811 7811 7811 7811 7811 7811 7811 7811 7811 4968 4968 7811 7811 7811 7811 7811 7811 7811 7811 7811
9087 9087 9087 9087 3916 9087 9087 9459 9087 9087 3064 7261 2838 2838 2838 2838 2838 2838 2838 2838 5541 5541 5541 5541 5541 5541 5541 4368 4368 233 7811 7811 7811 7811 7811 7811 7811 7811 7811 7811 7811 7811 9706 9706 3313 3313 3313 7811 8059 4350 4350 7811 7811 7864 7864 2026 7811 7811 9077 9077 9077 9077 7811 7811 7811 7811 353 7811 7811 7811 7811 7811 704 5550 7811 7811 7811 1563 7811 7811 7811 7811 7811 6067 7811 7811 7811 6371 7811 7811 7811 7811 7811 7811 7811 7811 7811 7811 7811 7811
9087 443 9087 9087 9087 9087 9087 9087 9087 9087 9087 9087 2838 2838 2838 2838 2838 6200 2838 2838 5541 5541 5541 5541 5541 8431 5541 5541 4368 2293 7811 7811 7811 7811 7811 5142 5142 7811 7811 7811 7811 7811 7811 7811 7811 7811 7811 7811 3268 2003 4350 4350 7811 7811 7811 7811 7811 7811 7811 7249 7527 8997 7811 7811 7811 7811 7811 7811 7811 7811 7811 7811 8320 6519 7811 7811 7811 7811 7811 7811 7811 7811 7811 7811 7811 7811 7811 7811 7811 7811 7811 7811 3917 7811 7811 7811 7811 7811 2954 7811
9087 9087 9087 9087 9087 9087 9087 9087 6403 9087 9087 9087 2838 4733 2838 2838 2838 2838 2838 2838 5541 5541 5541 5541 5541 1422 1422 5541 4811 4811 7811 7811 7811 7811 2527 2527 9768 7811 7811 7811 7811 7811 7811 7811 7811 7811 5680 7811 7811 8523 8523 7811 7811 7811 7811 7811 7811 7811 7811 7527 7527 7811 7811 7811 7811 7811 7811 7811 7811 7811 7811 7811 7811 4638 7811 7811 7811 6679 1137 7811 7811 7811 7811 7811 7811 7811 7811 7811 7811 7811 7811 7811 7811 7811 7811 7811 7811 7811 4120 7811
9087 9087 9087 9087 9087 1737 9087 9087 9087 9087 6473 2838 2838 4733 2838 2838 2838 2838 2269 2269 5541 5541 5541 5541 5541 1422 1422 1363 4811 4811 8615 7811 7811 7811 7811 2527 9768 6196 7811 7811 7811 4659 7811 7811 7811 7811 7811 7811 7811 7811 7811 7811 344 344 3601 7811 7811 7811 7811 7811 7811 7811 1734 7811 7811 7811 2081 7811 7811 7811 7811 7811 7811 4638 7811 7811 7811 6679 1137 7811 7811 7811 7811 7811 7811 7811 7811 7811 7811 7811 7811 7811 7811 7811 7811 7811 7811 7811 7811 7811
9087 9087 9087 9087 9087 9087 9087 9087 9087 9087 9087 2838 2838 2838 2838 2838 2838 2838 2838 5541 5541 5541 5541 8549 5541 1422 7811 7811 7811 7811 7811 7811 7811 7811 7811 7811 9768 6196 6948 8104 7811 7811 7811 7811 7811 7811 7811 7811 7811 7811 7811 7811 2393 7811 7811 7811 9529 9529 9529 7811 7811 7811 7811 7811 7811 9937 2081 7811 7811 7811 7811 7811 2653 7811 8354 7811 6679 6679 1137 7811 7811 7811 5256 5256 740 7811 7811 7811 7811 7811 7811 7811 7811 7811 7811 7811 7811 7811 7811 7811
9087 9087 9087 9087 1350 2912 9087 9087 9087 9087 9087 2838 2838 2838 2838 2838 2838 2838 2838 2838 5541 5541 5541 8549 5793 7230 7811 7811 7811 7811 5278 5278 5278 6896 7811 7811 7811 7811 7811 7811 7811 7811 3363 7811 7811 7811 7811 7811 7811 7811 7811 5075 7811 7811 7811 7811 6756 6756 7811 7811 7811 7811 7811 7811 7811 7811 7811 4603 7811 7811 7811 7811 3340 7811 7811 7811 6679 6679 2086 7811 1584 9616 7811 7811 7811 7811 7811 7811 7063 4072 9550 9550 7811 7811 2336 1070 7811 7811 7811 7811
9087 9087 9087 9087 9087 9087 9087 9087 9087 9087 9087 2838 2838 2838 2838 2838 2838 2838 2838 2838 2838 5541 557 7811 7811 7811 7811 7811 1790 7811 7811 7811 5278 6896 7811 7811 7811 7811 7811 7811 7811 7811 3363 7811 7811 7811 7811 7811 7811 7811 7811 7811 7811 7811 7811 7811 7811 7811 7811 7811 7811 7811 7811 6382 7811 7811 7811 7811 7811 7811 7811 7811 7811 7811 7811 7811 7811 7811 7811 7811 1584 1584 1584 7811 7811 7811 7811 7811 7811 589 9550 5118 7811 7811 5729 7811 7811 3273 7811 7811
9087 9087 9087 8661 9087 4294 4294 9087 9087 9087 9087 9087 4803 4803 4803 4803 4803 2838 2838 2838 7811 7811 7811 7811 7811 7811 7811 7811 7811 5969 7811 7811 7811 6896 7811 7811 7811 7811 7811 7811 7811 7811 6687 7811 7811 7811 7811 7811 4612 7811 7811 7811 7811 7811 5210 2248 2248 7811 7811 7811 7811 7811 7811 1878 7811 7811 7811 7811 7811 7811 1919 7811 7811 7811 1393 7811 7811 7811 7811 1584 1584 7811 7811 7811 7811 7811 7811 7811 7811 7811 1683 5729 5729 7811 5729 7811 7811 7811 7811 7811
9087 9087 9087 8661 3269 3269 9256 2163 2163 2163 2163 9087 9087 4803 4803 6922 4803 4803 4803 2838 7811 7811 7811 8301 7811 7811 7811 7811 7811 201 7811 7811 7811 7811 7811 7811 7811 7811 7811 7811 7811 7811 4972 336 7811 7811 2122 7811 7811 7811 7811 7811 7811 7811 1935 1935 3927 7811 7811 7811 7811 7811 9536 7811 7811 7811 7811 7811 7811 7811 7811 7811 6379 7811 7811 7811 7811 7811 7811 1584 1584 7811 7811 7811 7811 7811 7811 7811 7811 7811 5729 5729 5729 7811 5729 7811 7811 7811 7811 7811
9087 9087 9087 9087 3269 3269 2163 2163 2163 2163 2163 2163 9087 5363 4803 591 4803 4803 4803 2838 5522 7811 7811 7811 4551 7811 7811 7811 201 201 201 7811 7811 7811 7811 7811 7811 7811 7811 7811 7811 4972 4972 336 7811 7811 7811 7811 7811 7811 7811 7811 7811 7811 7811 1554 7811 7811 7811 7811 7811 7811 6038 3161 3161 3161 3161 7811 7811 7811 7811 7811 8101 7811 7811 7811 7811 7811 7811 3185 1584 7811 7811 7811 8546 7811 7811 7811 7811 7811 5729 5729 5729 5729 5729 7811 4575 7811 7811 7811
9087 9087 9087 3269 3269 3269 3269 2163 2163 2163 2163 2163 9623 7262 4803 4803 4803 7143 7811 7811 5522 7811 7811 7811 7811 7811 7811 7811 7811 7811 7811 7811 7811 7811 7811 7811 7811 7811 7811 7811 5855 4972 7811 7811 7811 7811 7811 7811 7811 7811 7811 1016 7811 7811 7811 4645 7811 7811 7811 7811 7811 7811 403 3161 3161 3161 3161 6157 7811 7811 7811 7811 7811 7811 7811 7811 7811 7811 7811 7811 7811 7811 7811 7811 7811 7811 7811 7811 7811 7811 5729 5729 5729 7811 7811 7811 7811 7811 7811 7811
9087 9087 3269 3269 3269 3269 3269 3269 3269 2163 6390 6390 6390 5864 4803 4803 4803 6680 1522 7811 7811 7811 7811 7811 7811 7811 7811 7811 7811 7811 7811 7811 7811 7811 7811 7811 7811 7811 7811 7322 7811 7811 7811 7811 7811 7811 7811 7811 7811 7811 7811 7811 7811 7811 7811 7811 8570 8570 7811 7811 1896 2366 2366 2366 3161 3161 3161 7811 7811 7811 7811 7811 7811 1675 7811 7811 7811 4648 7811 7811 7811 7811 7811 7811 7811 7811 7811 7811 7811 7811 7811 7811 7811 7811 7811 7811 7811 7070 7811 7811
9191 3269 3269 3269 3269 3269 3269 3269 3269 6972 8537 7175 6390 5864 5941 1761 1761 7811 7811 7811 7811 7811 7811 7811 7811 7811 7811 7811 7811 7811 7811 7811 7811 1912 7811 7811 4281 1867 7811 7811 7811 7811 7811 7811 5954 7811 7811 7811 7811 7811 7811 7811 7811 7811 7811 7811 8570 1181 7811 7811 4503 2366 2366 2366 6837 9477 7811 7811 7811 7811 7811 7811 7811 7811 7811 7811 7811 7811 7811 7811 7811 7811 7811 7811 7811 7811 7811 7811 7811 7811 7811 7811 7811 7811 7811 7811 7811 7070 7811 7811
6397 3269 3269 3269 3269 3269 3269 3269 3269 3269 9112 7811 7811 7811 7811 8260 219 7811 7811 7811 7811 7811 7811 7811 7811 7811 7811 7811 7811 7811 7811 6765 6201 6201 8423 7811 7811 7811 7811 7811 7811 7811 7811 7811 7811 7811 7811 7811 7811 7811 7811 7811 7811 7811 7811 7811 7811 7811 7811 7811 1225 2366 1863 1863 6837 4107 7811 7811 7811 7811 7811 7811 7811 7811 7811 7811 7811 7811 4845 7811 7811 7811 7811 7811 7811 7811 7811 7811 7811 7811 7811 7811 7811 7811 7811 7811 7811 7811 2799 8741
6397 3269 3269 3269 3269 3269 3269 3269 3269 3269 9112 7811 7811 7811 7811 7811 7811 7811 7811 7811 7811 7811 7811 7811 7811 7811 7811 7811 7673 7811 6052 6765 7811 6201 7811 7811 7811 7811 7811 7811 7811 7811 7811 7811 7535 7535 7811 7811 7811 2184 2184 7811 7811 7811 7811 7811 7811 7811 7811 7811 7811 7811 1863 1863 1863 6604 6604 6604 6604 8724 8968 8968 7811 7811 6176 7811 7811 7811 7811 7811 7811 7811 7811 7811 7811 7811 7303 7811 7811 5712 7811 7811 7811 7811 9437 7811 7811 7811 2799 8741
4747 3269 3269 3269 478 3269 3269 3269 3269 3269 9112 3269 7811 7811 7811 7811 7811 7811 7811 7811 7811 7811 7811 7811 7811 7811 7811 7811 7811 1888 6052 6052 7811 7811 7811 7811 7811 7811 7811 7811 7811 7811 7811 7811 7535 7535 7811 7811 7811 7811 7811 7811 7811 7811 7811 7811 7811 7811 7811 7811 7811 7811 1863 1863 1863 6604 6604 6604 7811 7811 7811 7811 7811 7811 6176 7811 7811 7811 3496 9117 7949 7811 7811 7811 7811 7811 7811 7811 7811 7811 7811 7811 7811 7811 8084 6692 7811 7811 7165 7188
4747 3269 5469 3269 3269 3269 3269 3269 3269 3269 9112 3269 3269 7811 7811 7811 7811 7811 7811 7811 7811 7811 7811 7811 7811 7811 7811 7811 7811 1888 6052 6052 7811 7811 7811 7811 7340 6437 7811 7811 7811 7811 7811 7535 7535 7535 7811 7811 7811 7811 7811 7811 7811 7811 7811 7811 7811 7811 7811 7811 7811 2600 6964 7811 7811 1486 7811 7811 7811 7811 7811 7811 7811 7811 7811 7811 7811 7811 3496 9795 7949 5920 7811 7811 7811 7811 7811 7811 7811 7811 7811 7811 7811 3906 7811 7811 7811 7811 7811 7188
3269 3269 6053 6053 3269 3269 3269 3269 3269 3269 3269 3269 3269 7811 7811 7811 7811 7811 7811 7811 7811 7811 7811 7811 7811 7811 7811 7811 7811 6052 6052 6052 7811 7811 7811 7811 7811 7811 7811 7811 7811 7811 7811 7535 7535 7535 7811 7811 7811 7811 7811 7811 7811 7256 7811 7811 7811 7811 7811 7811 7811 7811 6964 7811 7811 7811 7811 7811 7811 7811 7811 3187 7811 7811 7811 7811 7811 7811 7811 7811 7811 7811 7811 7811 7811 7811 7811 7811 8467 8467 7811 7811 7811 7811 7811 7811 7811 7811 7811 7811
3748 3269 3269 3269 3269 9842 3269 2290 2290 3269 3269 3269 5763 5763 7811 7811 7811 7811 7811 7811 7811 6822 6822 6822 7811 7811 7811 7811 7811 7811 7811 7811 7811 7811 7811 7811 7811 7811 7811 7811 7811 498 5061 7535 7535 2340 7811 7811 7811 7811 7811 7811 7811 7811 7811 7811 7811 7811 7811 7811 3195 7811 7811 7811 7811 7811 7811 7811 7811 1120 1120 7811 7811 7811 7811 7811 7811 9318 9318 9204 7811 7811 7811 7811 7811 7811 9247 7795 8467 8467 7811 7811 7811 7811 7811 7811 7811 7811 5135 5135
4554 3269 2487 3269 3269 3269 3269 2290 2290 3269 3269 3269 3269 3269 7811 7811 7811 7811 7811 7811 7811 6822 4691 6822 7811 7811 7811 7811 7811 7811 7811 5356 7811 7811 7811 7811 7811 7811 7811 7811 7811 498 3454 7811 7535 2340 2340 7811 7811 7811 7811 7811 7811 7811 7811 7811 7811 7811 7811 7811 7811 7811 7811 7811 7811 7811 7811 7811 7811 7811 7811 7811 7811 8421 8421 8421 8421 7811 7811 7826 7811 7811 7811 7811 7811 7811 7811 7811 7811 8467 7811 7811 7811 7811 7811 7811 7811 7811 5135 5135
4554 3269 3269 3269 3269 3269 3269 3269 3269 3269 3269 3269 3269 3269 3269 6852 7811 7811 7811 7811 7811 7811 4691 6822 7811 7811 7811 7811 7811 7811 7811 7811 7811 7811 7811 7811 7811 7811 7811 7811 7811 498 7811 7811 7811 2340 2340 7811 905 7811 702 702 7811 7811 7811 7811 7811 8674 7811 7811 7811 3723 7811 7811 7811 7811 7811 7811 7811 7811 7811 7811 7811 2499 9906 4229 4229 7811 7811 7811 7811 7811 7811 7811 7811 7811 7811 7811 7811 7811 7811 7811 7811 7811 7811 7811 7811 7811 5135 5135
3269 3269 3224 3269 3269 3269 3269 3269 3269 3269 3269 3269 3269 3269 3269 7811 7811 7811 7811 7811 7811 7811 7811 6822 7811 7811 647 7811 7811 2300 7811 7811 7811 7811 7811 2755 2755 5219 7811 7811 7811 7811 7811 7811 7811 7811 7811 7811 7811 7811 702 702 7811 7811 7811 9141 7811 7811 8338 7811 7811 7811 7811 7811 7811 7811 7811 4519 7811 7811 7811 7811 7811 7811 9906 9906 9906 9906 9442 7811 7811 7811 7811 7811 7811 7811 7811 7811 4832 7811 7811 7811 7811 7811 7811 7811 7811 3541 3541 7242
3269 3224 3224 3224 5410 3269 3269 3269 3269 3269 3269 3269 273 273 273 7811 7811 7811 7811 7811 7811 7811 7811 7811 7811 7811 7811 7811 7811 7811 7811 7811 7811 7811 9176 7811 7811 7811 7811 7811 7811 7811 7811 7811 7811 7811 7811 9255 9255 7811 7811 7811 7811 7811 7811 9141 7811 5913 8338 7811 7811 7811 7811 7811 7811 7811 7811 4519 9124 7811 7811 7811 7811 9906 9906 9906 9906 9906 7811 7811 7811 9806 7811 7811 7811 7811 7811 7811 619 7811 7811 7811 7811 7811 7811 7811 7811 3541 3541 7242
3863 7038 3224 3224 8564 4034 4034 996 3269 3269 3269 3269 273 6629 273 7811 7811 7811 7811 7811 7811 7811 7811 7811 7811 7811 1859 1859 7811 7811 7811 7811 7811 7811 7811 7811 7811 7811 7811 7811 7811 7811 7811 7811 8199 7811 7811 7811 9255 7811 811 7811 7811 7811 7811 5953 7811 7811 7811 7811 7811 7811 7811 7811 7811 7811 7811 4519 5172 5172 7811 7811 7811 9906 6374 2749 2749 7811 7811 7811 7811 7811 7811 7811 7811 7811 7811 7811 7811 7811 7811 7811 2244 7811 7811 7811 7811 4241 9675 7242
3863 3224 3224 3224 8564 8564 8564 8564 3269 3269 3269 3269 273 273 7811 7811 7811 7811 3436 7811 7811 7811 7811 7811 7811 7811 7811 7811 7811 7811 7811 7811 7811 7811 7811 7811 7811 7811 7811 7811 7811 7811 7811 7811 7811 7811 7811 7811 7811 7811 7811 7811 7811 7811 933 3876 7811 7811 7811 7811 7811 7811 7811 7811 7811 4519 4519 4519 4519 4519 4519 7811 7811 9906 2749 2749 2749 3236 7811 7811 7811 7811 7811 581 7811 7811 7811 7811 5144 7811 7811 7811 7811 7811 7811 7811 9675 9675 9675 7242
3863 1517 3224 3224 8564 8564 134 3269 3269 3269 6952 5794 4540 4540 7811 7811 1259 7811 7811 7811 7811 7811 7811 7811 7811 7811 7811 7811 7811 7811 7811 7811 7811 7811 7811 7811 7811 7811 7811 7811 7811 7811 7811 7811 7811 7811 7811 7811 7811 7811 7811 7811 7811 7811 7811 7295 7811 7811 7811 7811 7811 7811 4777 2515 2515 4519 4519 4519 4519 4519 4519 7811 7811 7811 7079 4519 4519 4519 4519 7811 7811 7811 7811 7811 7811 7811 7811 7811 7811 7811 7811 7811 7811 7811 7811 7811 9675 9675 9675 7242
2549 2549 4621 3488 3488 8564 3269 3269 3269 3269 3269 3269 7827 9851 9851 7811 7811 7811 7811 7811 7811 7811 7811 7811 7811 7811 7811 7811 7811 7811 7811 7811 4037 9000 4395 4395 7811 9246 9396 7811 7405 7811 7811 7811 7987 7987 7811 7811 7811 7811 9283 7811 7811 7811 7811 7811 7811 7811 7811 7811 7811 4729 4729 2515 3235 3235 4519 4519 4519 4519 4519 4519 4519 4519 4519 4519 4519 4519 5633 7811 7811 7811 7811 7811 7811 7381 7381 4504 7811 4504 7811 7811 7811 7811 5938 7811 7811 7811 7142 7242
5493 8905 4621 4621 8564 8564 8564 4298 3569 3269 3269 3269 7827 6442 7213 7811 7811 7811 7811 7811 7811 1957 7811 7811 7811 7811 7811 7811 7811 7811 7811 7811 7811 4395 4395 7811 7811 9246 9396 9246 7405 7811 7811 7811 7811 7811 7811 7811 7811 7811 7811 7811 7811 7811 7811 7811 7811 7811 7811 7811 7811 7811 7811 2515 3235 3235 3235 4519 4519 4519 4519 4519 4519 4519 4519 4519 6107 4519 7811 7811 7811 7811 7811 7811 7381 7381 4420 4504 4504 4504 8468 8942 7811 7811 5938 7811 7811 7811 3219 4647
5493 79 1852 1852 1852 8564 8564 8564 3569 5677 5677 6442 6442 6442 6396 5355 7811 7811 7811 7811 7811 7811 7811 7811 7811 7811 7811 7811 7811 7811 7811 7811 7811 7811 7811 9903 8491 9246 9246 9246 9246 7811 7811 7811 7811 7811 7811 7811 7811 7811 7811 7811 7811 7811 7811 7811 7811 7811 7811 7811 7811 7811 7811 7811 7811 7811 7811 4519 4519 4519 4519 4519 4519 4519 4519 4519 6107 4519 135 7811 7811 7811 1770 7811 7811 4420 4420 5831 4504 4504 5672 8942 7811 7811 7811 7811 7811 7811 4668 4647
79 79 1852 1852 1852 1852 8564 8564 8564 8564 5677 6269 6269 6396 6396 5355 7811 7811 7811 7811 1597 8564 7811 7811 7811 7811 7811 7811 7811 7811 7811 7811 7811 7811 7811 7811 7811 9246 9246 9246 9246 7811 7811 7811 7811 7811 7811 7811 7811 7811 7811 7811 7811 7811 7811 7811 7811 7811 7811 7811 7811 7811 7811 7811 7811 7811 7811 4519 4519 4519 4519 4519 4519 7272 4519 4519 4519 4519 8170 7811 7811 7811 7811 7811 7811 5268 4420 4504 4504 4504 4504 8942 7811 7811 7811 7811 7811 7811 4668 4668
4218 1495 1852 5424 1852 1852 1852 8564 8564 8564 8564 8564 8564 1703 8564 5355 7811 7811 7811 7811 8564 8564 3545 7811 7811 8163 8163 8163 8163 5988 5988 5988 5988 5988 5988 5988 9246 9246 9246 9246 8607 8607 6936 7811 7811 7811 7811 7811 7811 7811 7811 7811 956 7811 7811 7811 7811 7811 7811 7811 7811 7811 7811 7811 7811 7811 7811 7811 4519 4519 4519 4519 4519 7811 7811 7811 7913 8170 8170 7811 7811 7811 7811 7811 5097 5268 5268 5268 4504 4504 4504 7811 7811 7811 7811 7811 7811 7811 7811 7811
1495 1495 1852 3298 1852 1852 8564 8564 8564 8564 8564 8564 8564 8564 8564 8564 8564 8564 5357 8564 8564 7811 7811 7811 7811 7811 7149 7149 9663 5988 5988 5988 5988 5988 5988 5988 5988 5988 5988 9246 8607 8607 8607 7811 7811 7811 7811 7811 7811 8611 8420 5042 5042 7811 7811 7811 7811 7811 7811 7811 7811 7811 9074 7811 7811 7811 7811 7811 7811 4519 4519 4519 7811 7811 7811 7811 7811 4887 7811 7811 6073 7811 7811 7811 8744 9032 5268 4504 4504 1670 2476 7602 7602 7602 7811 7811 7811 7811 7811 7811
569 1852 1852 8564 8564 8564 8564 8564 8564 8564 8564 8564 8564 917 8564 8564 8564 8564 8564 8564 8564 8564 7811 7811 6921 6921 7149 7149 2012 5988 5988 5988 5988 5988 5988 5988 5988 5988 5988 5988 8607 8607 8607 8607 7811 7811 7811 7811 7811 8420 8420 5042 5042 7811 7811 7811 7811 5288 7811 7811 7811 7811 7811 7811 4750 7811 7811 7811 7811 7811 7811 7811 7811 7811 7811 7811 7811 7811 7811 7811 7811 7811 7811 7811 7811 7811 5268 338 1670 1670 2476 7602 7602 7602 7811 7811 7811 7811 7811 7811
569 1852 1852 8564 8564 8564 8564 8564 8564 8564 8564 8564 8564 8564 8564 8564 6710 8564 8564 8564 8564 8564 8564 3797 3797 3797 3797 3797 3797 5988 5988 5988 4718 5988 5988 5988 5988 5988 2830 8607 8607 8607 8607 8607 7811 7811 7811 7811 7639 7811 7811 1038 7811 7811 7811 7811 7811 7811 5333 7811 7811 7811 7811 7811 7811 7811 7811 7811 7811 7811 7811 7811 7811 7811 7811 7811 7811 7811 3755 3755 7811 7811 7811 7811 7811 7811 6086 338 3121 3121 3121 7811 7811 7811 7811 7811 7811 7811 7811 7811
569 1852 1852 8564 8564 8564 8564 8564 8564 8564 8564 8564 8564 8564 8564 8564 8564 8564 8564 8564 8564 8564 8564 3797 3797 3797 5830 3797 3797 5988 5988 5988 5988 5988 5988 5988 5988 8607 8607 8607 8607 8607 8607 7271 7271 7811 7811 7811 7642 7811 7811 7811 7811 7811 7811 7811 7811 2726 1361 7811 7811 7811 5695 7811 7811 9528 7811 7811 7811 7811 7811 7811 7811 7811 7811 7811 7811 7811 3755 7811 7811 7811 7811 7811 7928 7811 7811 7811 7811 3121 3121 7811 7811 7811 7811 7811 7811 7811 7811 7811
569 1852 1852 8564 8564 8564 8564 8564 8564 8564 8564 8564 8564 8564 8564 8564 8564 8564 8564 8564 8564 8564 3797 3797 3797 3797 3797 3797 3797 5988 5988 5988 5988 5988 5988 5988 5988 8607 8607 8607 8607 6019 8607 7271 7271 7811 7811 7811 7811 7811 7811 7811 7811 7811 5155 7811 7811 7811 7811 7811 7811 7811 5695 5695 247 9528 7811 7811 7811 7811 7811 7811 7811 7811 7811 7811 7811 7811 7811 7811 7811 7811 7811 7811 7928 7811 7811 7811 7811 7811 7811 7811 7811 7811 7811 7811 7811 7811 7811 7811
1852 1852 1852 8564 8564 8564 8564 8564 8564 8564 8914 8564 8564 8564 8564 8564 8564 8564 8564 8564 8564 8564 3797 3797 3797 3797 3797 3797 3797 5988 5988 5988 5988 5988 5988 5988 5988 5988 8607 8607 6019 6019 2423 7811 7811 7811 6343 7811 7811 7811 7811 7811 7811 7811 449 449 7811 7811 7811 7811 7811 7811 7811 7534 247 7811 7811 7811 7811 7811 7811 7811 7811 7811 7811 7811 7811 7811 7811 7811 7811 7811 7811 7811 7811 3072 7811 7811 7811 7811 7811 7811 7811 7811 7811 7811 7811 7811 7811 7811
1852 1852 8564 8564 8564 8564 8564 8564 8564 8564 8564 8564 8564 8564 8564 8564 8564 8564 8564 8578 8564 8564 3797 3797 3797 3797 3797 3797 3797 3797 5988 5988 5988 5988 5988 5988 5988 5988 8607 8607 4998 2423 2423 2423 7811 7811 3724 7811 7811 7811 7811 4136 7811 7811 449 449 7811 7811 7811 7811 7811 7811 7811 7811 7811 7811 7811 7811 7811 7811 9703 7811 7811 5728 7811 7811 7811 7811 1330 7811 7811 7811 7811 7811 7811 3072 7811 7811 7811 7811 3201 7811 7811 7811 7811 7811 7811 7811 7811 7811
4061 2802 8564 8564 8564 8564 8564 8564 8564 8564 8564 8564 8564 197 197 8564 8564 8564 8564 8564 8564 8564 8564 3797 3797 3797 3797 3797 3797 3797 5988 5988 5988 5988 5988 5988 5988 5988 8607 2423 2423 2423 2423 2423 7811 7811 3724 3724 4039 7811 7811 7811 7811 7811 7811 7811 7811 7811 7811 7811 7811 7811 7811 7811 7811 7811 7811 7811 7811 7811 7811 7811 7811 8466 7811 7811 7811 7811 7811 7811 7811 7811 7811 7811 7811 3072 7811 7811 7811 7811 7811 7811 7811 7811 7811 7811 7811 7811 7811 7811
2802 2802 8564 8564 8564 8564 8564 1244 1244 427 5115 8564 8564 8564 8564 8564 8564 5440 8564 8564 8564 8564 5767 3797 3797 3797 3797 3797 3797 3797 5988 5988 3523 5988 5988 5988 5988 5988 2155 2423 5988 5988 7131 7131 5988 7811 3724 3724 7811 7811 7811 9188 7811 9188 9188 9188 8076 7811 7811 7811 7811 7811 7811 7811 7811 7811 7811 7811 7811 7811 7811 7811 7811 7811 7811 7811 7811 7811 7811 1278 7811 7811 6900 7811 7811 7811 7811 7811 7811 7811 5211 7811 7811 7811 7811 7811 7811 7811 7811 7811
2159 8564 8564 8564 8564 427 427 427 427 427 427 8564 8564 8564 8564 8564 8564 5440 8564 8564 1224 3797 3797 3797 3797 5988 5988 5988 5988 5988 5988 5988 5988 5988 5988 4688 5988 5988 5412 9651 5988 5988 5988 5988 5988 7811 5988 7811 7811 7811 9188 9188 9188 9188 9188 9188 8076 6884 7811 7811 7811 7811 7455 7811 7811 7811 7811 7811 7811 7811 7811 7811 7811 7811 7811 7811 7811 5697 1064 307 307 7811 7811 4492 7811 7811 7811 7811 7811 7811 7811 7811 7811 7811 7811 7811 7811 7811 4793 7811
5119 8564 8564 8564 4248 427 2628 427 427 427 427 8564 8564 8564 8564 8564 8564 8564 8564 8564 1224 3797 3797 3797 3797 4358 5988 5988 5988 5988 2272 5988 5988 5988 5988 5988 5988 5988 5988 5988 5988 5988 5988 5988 5988 5988 5988 9188 9188 9188 9188 9188 9188 9188 9188 9188 7811 9876 7811 7811 7811 7811 7811 7811 7811 7811 7811 7811 7811 7811 1884 1884 7811 7811 7811 7811 7811 5697 5697 5697 7811 7811 9381 7811 7811 8037 7811 7811 7811 7811 7811 7811 9683 7811 6313 7811 7811 7811 4793 7811
8564 8564 8564 2119 2119 2119 2119 2119 2119 427 427 8564 8564 8564 8564 8564 8564 8564 8564 8564 1224 3797 3797 3797 4358 4358 5988 5988 5988 5988 5988 5988 5988 5988 5988 6548 5988 5988 5988 5988 5988 5988 5988 5988 8429 8355 9188 9188 9188 9188 1577 1577 9188 9188 9188 9188 7811 7811 7811 7811 7811 7811 7811 7811 7811 6071 6071 6071 7811 7811 1884 1884 7811 7174 7174 5570 7811 7811 7811 7811 7811 7811 7811 7811 7277 8037 7811 7811 7811 7811 7811 7811 7811 7811 6313 7811 7811 7811 7811 7811
8564 8564 3638 2119 2119 2119 6681 2119 2119 427 427 427 427 8757 8564 8564 8564 8564 8564 8564 1301 3797 3797 3797 3797 7847 5988 5988 5988 5988 5988 5988 5988 5988 5988 6548 5988 5988 5988 5988 5988 5988 5988 5988 5988 5988 9188 4990 9188 9188 9188 9188 9188 6278 9188 9188 9188 3217 7811 7811 7811 7811 7811 7811 7811 6071 6071 6071 6071 7811 7811 7811 7811 7174 7174 6610 7811 7811 7811 7811 7811 7811 7811 7811 7811 7811 7811 7811 7811 7811 7811 7811 7811 7811 7811 7811 7811 7811 7811 7811
8564 8564 3638 3638 3854 6414 427 427 427 427 427 427 427 8757 8757 8564 8757 3797 3797 3797 9591 3797 3797 3797 3797 5988 5988 5988 5988 5988 5988 5988 5988 5988 5988 5988 5988 5988 5988 7622 5988 5988 5988 5988 2114 5988 9188 9188 9188 9188 9188 9188 9188 9188 9188 9188 9188 9188 7811 9105 7811 7811 7811 6071 6071 6071 6071 7811 7811 7811 7811 7811 7811 7174 7811 7811 7811 7811 7811 7811 7811 7811 7811 7811 7811 7811 7811 7811 7811 7811 7811 7811 7811 7811 7811 7811 7811 7811 7811 467
8564 3638 3638 3638 3854 6414 427 427 427 427 427 427 427 9179 8757 8757 8757 8757 3797 3797 3190 49 3797 3797 6621 6621 3275 5613 4897 5988 5988 5988 5988 5988 5988 5988 5988 5988 2910 5988 5988 5988 5988 5988 1324 9188 9188 9188 9188 9188 9188 9188 9188 9188 9188 9188 9188 9188 7811 7811 7811 7811 7811 7811 7811 6071 6071 6071 7811 7811 7811 7811 7811 7811 7811 7811 7811 7811 7811 7811 7811 4944 4944 7811 7811 7811 7811 7811 7811 7811 7811 7811 7811 7811 6701 7811 7811 7811 7811 706
1220 1220 1220 3638 3555 3555 427 427 427 4665 427 427 427 9179 8757 8757 8855 8757 3797 3797 3797 3797 3797 3797 3797 6621 5928 5988 5988 5988 5988 5988 5988 5988 5988 5988 5988 5988 5988 5988 5988 5988 5988 5988 8794 9188 153 9188 9188 9188 9188 9188 9188 9188 9188 9188 9188 9188 7811 7811 7811 7811 7811 7811 7811 7811 7811 7811 7811 7811 7811 7811 7811 7811 7811 7811 7811 7811 7811 7811 7811 4944 4944 7811 7811 7811 9474 7811 7811 7811 7811 7811 7811 7644 7644 2870 7811 7811 7811 7811
1220 5874 3555 3555 3555 3555 427 427 427 6908 427 3602 9179 9179 8757 8757 8757 3797 3797 3797 3797 3797 3797 3797 3797 1735 520 5988 5988 5988 5988 5988 5988 5988 5988 5988 5988 5988 2602 5988 3360 3360 5988 5988 8794 8794 8794 6933 9188 2834 9188 9188 9188 9188 9188 9188 9188 9188 7811 7811 7811 7811 7811 7811 8543 7811 7811 7811 7811 7811 7811 7811 7811 7811 7811 7811 7811 7811 7811 7811 7811 7811 7811 7811 7811 7811 7811 7811 7811 7811 7811 7811 7811 7811 7811 7811 7811 7811 7811 7811
4462 4462 3555 3555 3555 9581 427 427 427 3445 3445 6780 3797 9179 8757 8757 3797 3797 3797 3797 3797 3797 3797 3797 3797 3797 3797 3797 4950 5988 5988 5988 5988 5988 5988 5988 5988 5988 5988 5988 5988 5988 5988 5988 8794 5988 8794 8794 9188 9188 9188 2961 9188 9188 9188 9188 7811 7811 7811 7811 7811 7811 7811 7811 7811 7811 7811 7811 8160 7811 7811 7811 7811 7811 7811 7811 9216 7811 7811 7811 7811 7811 7811 7811 7811 7811 7811 7811 7811 7811 7811 7811 7811 7811 7811 7811 7811 7811 7811 7811
4462 4462 6101 6101 3555 9581 427 427 427 1997 3445 3445 3797 3797 4126 293 3797 3797 3797 3797 3797 3797 3797 3797 3797 3797 3797 3797 3797 5988 5988 5988 5988 8507 5988 5988 5988 5988 5988 5988 3668 5988 5988 5988 5988 5988 5988 5988 9188 1101 9188 2961 1931 1931 9188 9188 9188 7811 7811 7811 7811 7811 7811 7811 7811 7811 7811 7811 7811 7811 7811 7811 7811 7811 7811 7811 7811 7811 7811 7811 4027 7811 7811 7811 7811 7811 7811 7811 7811 7811 7811 7811 7811 3537 3537 7811 7811 7811 7811 7811
4462 4462 6101 6101 3555 9581 427 427 3797 4537 9071 3797 3797 3797 4126 4126 3797 3797 3797 3797 3797 3797 1612 3162 3797 3797 3797 3797 3797 3797 3797 7417 2198 2198 2198 5988 5988 5988 5988 5988 5988 5988 5988 5988 5988 5988 5988 5988 5988 5988 5717 7744 8539 1931 9188 9520 7811 7811 7811 7811 7811 7811 7811 7811 7811 7811 7811 7811 7811 7811 7811 7811 7811 7811 7811 7811 7811 7811 7811 7811 7811 7811 7811 7811 6468 7811 7811 7811 7811 7811 7811 7811 6881 6881 6074 7811 7811 7811 7811 7811
1871 1612 1612 6101 6101 427 427 427 3797 3797 3797 3797 3797 3797 3797 4126 3797 3797 3797 3797 104 104 1612 4253 3797 3797 3797 6641 3797 3797 3797 1939 2198 2198 2198 5988 5988 5988 5988 5988 5988 6177 5988 5988 5988 5988 5988 225 5988 5717 5717 5717 1931 1931 1931 1931 1931 3680 7811 7811 7811 7811 7811 7811 7811 7811 7811 7811 4194 4194 7811 7811 7811 7811 7811 7811 7811 7811 7811 7811 7811 7811 7811 7811 7811 7811 7811 7811 7811 7811 7811 7563 7811 6881 6881 6881 6881 7811 7811 7811
1612 1612 1612 6101 1612 5306 1489 1489 3797 3797 3797 3797 3797 3797 3797 4126 3797 3797 3797 1612 104 1612 1612 1612 1612 1612 3797 466 3797 3797 3797 1939 1939 2198 2198 2198 5988 5988 5988 5988 5988 5988 5988 5988 5988 971 5988 5988 5988 93 5717 5717 1931 1931 1931 1931 7845 5201 7811 7811 7811 7811 315 7811 7811 7811 3676 9281 5605 7811 7811 9724 9724 7811 7811 7811 7811 7811 7811 7811 7811 7811 7811 7811 7811 7811 7811 7811 7811 7811 7811 7811 7811 567 7811 5741 6881 7811 7811 7811
1612 1612 1612 1612 1612 1489 1489 1489 3797 3797 3797 3797 3797 3797 3797 3797 3797 3797 1612 1612 1612 1612 1612 1612 1612 1612 1612 1612 3797 3797 1939 1939 1939 5988 8800 5988 5988 5988 5988 5988 5988 4553 5988 5988 5988 5988 2697 5988 5988 5988 5988 5988 5988 1931 1931 1931 7845 7845 139 7811 7811 7811 7811 7811 7811 7811 3676 3676 7811 7811 7811 7814 7811 7811 7811 7811 7811 7811 7811 7811 7811 7811 3993 7811 4895 7811 7811 7811 7811 2987 4885 7811 7811 7811 7811 7690 7811 7811 7811 1678
1612 1612 1612 1612 1612 1752 1489 1489 1489 3797 3797 1612 1612 5710 3797 3797 3797 3797 3797 3797 1612 1612 1612 1612 1612 1612 1612 1612 1612 1612 5988 5988 3245 5988 8800 5988 5988 5988 5988 5988 5988 5988 5988 5988 5988 5988 5988 5988 5988 5988 5988 5988 1931 1931 4538 4538 7845 7845 7845 9092 9092 7811 7811 7811 7811 7811 7811 7811 7811 7811 5375 7814 7814 7811 7811 7811 7811 7811 7811 7811 7811 7811 7811 7811 7811 7811 7811 7811 7811 7811 7811 7811 7811 7811 7811 7811 7811 7811 7811 817
1612 1612 1612 1612 1612 1612 8605 1489 1489 284 957 1612 1612 1612 3797 3797 3797 3797 3797 3797 3797 1736 1612 1612 1612 1612 1612 1612 1612 1612 5988 5988 5988 5988 5988 5988 5988 5988 5988 5988 5988 5988 5988 6331 5988 5988 5988 5988 5988 5988 5988 5988 1931 2568 2568 2568 7845 7845 7845 9092 9092 7811 7811 7811 3082 7811 7811 7811 7811 7811 7811 7811 7811 7811 7811 7811 7811 7811 7811 7811 7811 7811 7811 7811 7811 4478 7811 7811 7811 7811 7811 7811 7811 7811 780 7811 7811 7811 7811 7811
1612 1612 1612 1612 1612 1612 8086 1612 1612 1612 1612 1612 1612 1612 3797 3797 3797 3797 1612 1612 1612 1612 1612 1612 1612 1612 1612 1612 1612 1612 1612 5988 5988 5988 5988 5988 5988 4844 5988 5988 5988 5988 5988 5988 5988 5988 5988 5988 5988 5988 5988 5988 5988 2568 2568 2568 7845 8610 9092 9092 9092 7811 7811 7811 7811 7811 7811 7811 7811 7811 7811 7811 7811 7811 7811 7811 7811 7811 7811 7811 7811 7811 7811 7811 7811 7811 7811 7811 7811 6149 7811 7811 7811 7811 7811 7811 7811 7811 7811 7811
1612 1612 1612 1612 8931 1612 1612 253 1612 1612 1612 1612 1612 1612 3797 3797 3797 3797 1612 1612 1612 1612 1612 1612 1612 1612 1612 3222 3222 2946 1612 5988 5988 5988 5988 5988 116 5988 5988 5988 5988 5988 5988 5988 5988 5988 5988 5988 5988 5988 5988 5988 5988 2568 2568 2568 9092 9092 9092 9092 9092 9092 9092 9092 9092 9092 7811 7811 7811 7811 7811 7811 7811 7811 7811 7811 7811 7811 7811 7811 7811 7811 7811 7811 7811 7811 7811 7811 7811 7811 7811 7811 7811 7811 7811 7811 7811 7811 7811 7811
1612 1612 1612 1612 8931 1612 1612 253 8531 3801 1612 1612 1612 1612 3797 594 594 1612 1612 1612 1612 1612 1612 1612 1612 1612 1612 8031 8558 2946 1612 5988 5988 5988 5988 5988 116 5988 5988 5988 5988 5988 5988 5988 5988 5988 5988 5988 5988 5988 5988 5988 5988 2568 2568 2568 9092 9092 9092 9092 9092 9092 9092 9092 9092 9092 1047 5046 5046 7811 7811 7811 7811 7811 7811 7811 7811 7811 7811 7811 7811 7811 7915 309 7811 7811 7811 7811 7811 7811 7811 7811 7811 7811 7811 7811 7811 7811 7811 2091
1612 1612 1612 1612 1612 2296 2296 8531 8531 1612 1612 1612 1612 1612 1612 1612 594 1612 1612 1612 1612 1612 1612 1612 1612 5679 1612 3651 5988 5988 5988 5988 5988 5988 5988 677 5988 5988 5988 5988 5988 5988 5988 5988 5988 5988 7462 5988 5988 5988 2473 9092 5988 2568 2568 2568 9092 9092 9092 9092 9092 9092 9092 9092 4337 4337 4337 4337 4337 4337 7811 7811 7532 7532 7532 7811 7811 7811 7811 7811 7811 7811 7066 7811 7811 7811 7811 9950 7811 7811 7811 7811 7811 7811 7811 7811 7811 7811 613 613
8777 1612 1612 1612 1612 1612 1612 1612 1612 5832 1612 1612 1612 1612 1612 1612 1612 1612 7855 7855 5532 5532 1612 1612 1612 5679 5988 5988 5988 5988 5988 5988 5988 5988 5988 5988 5988 5988 5988 5988 5988 5988 5988 6619 5988 5988 5988 5988 5988 5988 5988 9092 9092 9092 9092 9092 9092 9092 9092 9092 9092 9092 9092 9092 4259 4259 4259 5718 5718 5718 5718 9244 7532 7532 7532 7532 7811 7811 7811 7811 7811 7811 7811 7811 7811 7811 7811 7811 7811 7811 7811 7811 7811 7811 1056 7811 7811 7811 8722 7811
1612 1612 1612 1612 1612 1612 1612 1612 1612 1612 1612 1612 1612 1612 1612 1612 1612 1612 7855 7855 5532 5532 1612 1612 1612 1612 5988 5988 5988 5988 5988 5988 5988 5988 5988 5988 5988 5988 5988 5988 5988 5988 5988 5988 5988 3299 5988 5988 5988 5988 5988 9092 9092 9092 9092 9092 7714 9092 9092 9092 9092 9092 9092 9092 9092 9092 5718 5718 5718 5718 5718 9244 5718 5718 7532 7532 7811 7811 7811 7811 7811 7811 7811 7811 7811 7811 7811 7811 7811 7811 7811 7811 8052 8052 7811 7811 7811 7811 7811 7811
1612 1612 3746 3746 3746 5500 5500 1612 1612 1612 1612 1612 1612 1612 1612 1069 5532 5532 5532 5532 5532 5532 8964 1612 1612 1612 5988 5988 5988 5988 5988 5988 5988 5988 5988 5988 5988 5988 5988 5988 5988 5988 5988 5988 5988 5988 5988 5988 5988 5988 5988 5988 7890 9092 9092 9092 4773 9702 9092 9092 9092 9092 9092 9092 9092 9092 5718 5718 5718 5718 5718 5718 5718 7532 7532 7811 7811 3544 7811 7811 5780 7811 7811 7811 7811 7811 7811 7811 7811 7811 7811 7811 7811 7811 7811 7811 7811 7811 7811 7811
8535 8535 3746 7959 3565 5500 5500 1612 1612 1612 1612 1612 1612 7709 6817 6817 6817 6817 5532 5532 5532 1612 1612 1612 1612 1612 1612 1612 5988 5988 5988 5988 5988 5988 5150 5988 5988 3149 5988 5988 5988 5988 5988 5988 5988 5988 5988 5988 5988 5988 9092 9092 9092 9092 9092 8747 8747 9092 9092 9092 9092 9092 9092 9092 9092 9092 2440 5718 5718 5718 5718 5718 7532 7532 7532 7811 7811 7811 7811 7811 7811 7811 7811 7811 7811 4672 7811 7811 7811 7811 7811 7811 7811 7811 7811 7811 7811 7497 7497 7497
7959 7959 7959 7959 7959 7959 7959 1612 1612 1612 1612 1612 1612 1612 1612 2493 6817 6817 5532 5532 1612 1612 2040 1612 1612 1612 1612 1612 1229 1229 5988 5988 5988 5988 5988 5988 1612 6298 5988 5988 6652 5988 5988 5988 5988 5988 5988 4413 4413 9092 9092 9092 9092 9092 9092 8747 8747 9092 9092 9092 9092 9092 9092 9092 9092 5926 2440 5718 5718 5718 5718 5718 7532 7532 7532 7532 7811 7811 7811 7811 7811 7811 7811 7811 7811 5266 7811 7811 7811 7811 229 7811 1599 7811 7811 7811 7811 7497 7497 4026
7959 7959 7959 7959 7959 7959 7959 7959 7959 1612 1612 1612 1612 559 559 559 1612 1612 5532 5532 1612 1612 1612 1612 1612 1612 1612 1612 1229 1151 1151 1151 666 5988 5988 5988 1612 5988 5988 5988 1600 1600 1600 5988 5988 5988 5988 5988 5988 5988 5988 9092 834 834 834 834 8253 9092 9092 9092 9092 9092 9092 9092 9092 5926 2440 6345 1536 5718 5718 7875 7532 7532 7532 7532 7532 7811 7811 7811 7811 7811 7811 7811 7811 7811 9819 7811 7811 7811 7811 1599 1599 7811 7811 7811 7811 7497 7497 552
7959 7959 7959 7959 7959 7959 7959 7959 7959 7959 2464 1612 1612 559 559 559 1612 1612 1612 1612 1612 1612 1612 1612 1612 1612 1612 4755 8092 1394 1394 1394 1612 1612 1329 1612 1612 5988 5988 5988 1600 1600 550 5988 5988 5988 5988 5988 5988 5988 5988 9092 9092 834 834 9092 3922 9092 123 7400 2032 9092 9092 9092 9092 9092 9092 9092 9092 7875 7875 7875 7875 7532 9092 9092 9092 7811 7811 7811 7811 7811 7811 7811 7811 7811 7811 7811 7811 7811 7811 7811 7811 7811 2579 8168 8168 7497 7497 7497
7959 7959 7959 7959 7959 7959 2736 1612 1612 3747 181 1612 1612 1612 1612 1612 1612 1612 1612 1612 1612 1612 1612 1612 1612 1612 1612 1612 1394 1394 1394 1394 1612 1612 1612 1612 1612 8456 5988 5988 1600 1600 6577 5988 4223 4223 4035 4035 4035 5988 5988 8302 8302 8302 9092 9092 9092 2352 2452 7400 9092 9092 9092 9092 9092 9092 9092 9092 9092 9092 7875 7875 7875 9092 9092 9092 9092 7811 7008 7811 7811 7811 7811 7811 7811 7811 7811 7160 7811 7811 7497 7497 7497 7497 7497 7497 7497 7497 7497 7497
6686 7959 7959 7959 7959 1612 1612 1612 1612 1612 1612 1612 1612 1612 1612 1612 1612 1612 1612 1612 1612 1612 1612 1612 1612 1612 1612 1394 1394 1394 1394 1394 1612 1612 1612 1612 1612 6099 6099 1612 1600 1600 1600 5988 9092 9672 4035 5988 5988 5988 9092 9092 8302 8302 9092 9092 9092 7400 9705 7400 9092 9092 9092 9092 9092 9092 9092 9092 9092 9092 7875 7875 7875 9092 9092 9092 4858 7008 7008 7811 7811 7811 7811 7811 7811 7811 7811 7160 7497 7497 7497 7497 7497 7497 7497 7497 6140 7497 7497 3413
7959 7959 7959 7959 7959 1612 1612 1612 1612 1612 1612 1612 1612 1612 1612 1612 1612 1612 1612 1612 1612 1612 1612 1612 1612 1612 1612 1612 1394 4129 1394 1394 1612 1612 1612 1612 1612 1612 1612 1612 1612 1600 1600 5988 9092 9092 2657 607 9092 9092 9092 9092 8302 8302 8302 9092 9092 7400 7400 7400 7400 9092 9092 9092 9092 9092 9092 9092 9092 9092 5365 7875 7875 9092 9092 9092 4858 4858 7811 7811 7811 7811 7811 7811 7811 2320 7160 7160 7497 7497 7497 2933 7497 7497 7497 7497 7497 7497 7497 7497
7959 7959 7959 7959 7959 1612 1612 1612 1612 1612 1612 1612 1612 1612 1612 1612 1612 1612 1612 1612 1612 1612 1612 1612 1612 1612 1612 1612 1612 1612 9859 1612 1612 1612 1612 1612 1612 1612 1612 1612 1612 7004 7004 7004 9092 9092 9092 2082 9092 9092 9092 9092 8302 8302 512 9092 9092 7400 7400 7400 7400 9092 9092 9092 9092 9092 9092 9092 9092 9092 9092 9092 9092 9092 9092 9092 4858 4858 7811 7811 7811 7811 7811 7811 7811 4231 7497 7497 7497 7497 7497 7497 7497 7497 7497 7497 7497 7497 7497 7497
1612 1612 7959 7959 7959 1612 1612 1612 3491 1612 1612 1612 1612 1612 1612 1612 1612 1612 1612 1612 1612 1612 1612 1612 1612 1612 1612 1612 1612 1612 1612 1612 1612 1612 1612 1612 1612 1612 1612 1612 1612 9092 9092 9092 9092 9092 9092 9092 9092 9092 9092 9092 9092 9092 9092 9092 9092 9092 9092 7400 7400 9092 9092 9092 9092 9092 9092 9092 9092 9092 9092 9092 9092 9092 9092 9092 4858 4858 7811 7811 7811 7811 7811 7811 7811 1975 7497 2607 7497 7497 7497 7497 7497 7497 7497 7497 3635 7497 7497 7497
1612 1612 2819 2819 1612 1612 1612 1612 1612 1612 1612 1612 1612 1612 1612 1612 1612 1612 1612 1612 1612 1612 1612 1612 1612 1612 1612 1612 1612 1612 1325 1612 1612 1612 1612 1612 1612 1612 1612 1612 1612 9092 9092 9092 9092 9092 9092 9092 9092 9092 9092 9092 9092 9092 9092 1619 1619 9092 9092 9092 9092 9092 9092 9092 9092 9092 9092 9092 9092 9092 9092 9092 9092 9092 9092 9092 4858 7497 7497 7811 7811 7811 7811 7811 7811 7811 7811 7497 7497 7497 7497 7497 7497 7497 7497 7497 7497 7497 7497 7497
6860 1612 1612 1612 1612 1612 1612 1612 1612 3206 1612 1612 1612 1612 1612 1612 1612 1612 1612 1612 3270 3270 1612 1612 5778 5778 1612 1612 381 1325 1325 1612 1612 1612 1612 1612 1612 1612 1612 1612 1612 1227 9092 9092 9092 9092 3089 9092 9092 9092 9092 9092 9092 9092 9092 3462 1619 9092 9092 9092 9092 9092 9092 9092 9092 9092 9092 9092 9092 9092 9092 9092 9092 9092 9092 7497 4858 7497 7497 7497 7497 7811 7811 7811 7811 7811 7811 7497 7497 7497 7497 7497 7497 7497 7497 7497 7497 7497 7497 7497
6878 1612 1612 1612 1612 1612 1612 1612 1612 3206 4890 1612 1612 1612 1612 1612 1612 1612 1612 1612 5761 5761 1612 1612 1612 5778 7306 1612 1612 1612 1612 1612 1612 1612 1612 1612 1612 1612 1612 1612 1612 1227 1227 1227 3784 6 6 9092 9092 2617 2617 9092 707 9092 9092 9092 9092 7765 9092 9092 9092 9092 9092 9092 1397 9092 9092 9092 9092 9092 9092 9092 9092 9092 9092 7497 7497 7497 7497 7497 7497 7811 7811 7811 7811 7811 807 652 7497 7497 7497 7497 7497 7497 7497 7497 7497 7497 7497 7497
6878 1612 1612 1612 1612 1612 1612 1612 1612 1612 1612 6464 1612 1612 1612 1612 1612 1612 1612 1612 1612 1612 1612 1612 1612 1612 1612 1612 1612 1612 1612 1612 1612 1612 1612 1612 1612 1612 1612 1612 1612 1162 1162 1162 8460 6 6 9092 9092 2617 9092 9092 9092 9092 9092 9092 9092 9092 9092 9092 9092 9092 9092 9092 9092 9092 9092 9092 9092 7123 9092 9092 9092 4582 3428 7497 7497 7497 7497 7497 7497 7497 7497 7811 7811 7811 7497 7497 7497 7497 7497 7497 7497 7497 7497 7497 7497 7497 7497 7497
1612 1612 1612 1612 1612 1612 1612 1612 1612 1612 1612 4270 1612 1612 1612 1612 1612 1612 1612 1612 1612 1612 1612 1612 1612 4412 1612 1612 1612 1612 1612 1612 1612 1612 1612 1612 1612 1612 1612 1612 1612 1162 1162 1162 6 6 9092 8268 9092 9092 9092 9092 9092 9092 9092 9092 9092 9092 9092 9092 9092 2410 9092 9092 9092 9092 9092 9092 9092 9092 9092 9092 9092 4582 7497 7497 7497 7497 7497 7497 7497 7497 7497 7497 7811 7497 7497 7497 7497 7497 3921 7497 7497 7497 7497 7497 7497 7497 7497 7497
1612 1612 1612 1612 1612 1612 1612 1612 1612 1612 1612 1612 1612 1612 1612 1612 9040 4716 4716 3959 1612 1612 1612 1612 9502 1612 1612 1612 1612 1612 1612 1612 1612 1612 1612 1612 1612 1612 1612 1612 7012 1162 1612 342 342 342 9092 9092 9092 9092 9092 9092 9092 9092 9092 9092 9092 9092 9092 9092 9092 9092 9092 9092 9092 9092 9092 9092 9092 9092 9092 9092 9092 4582 7497 7497 7497 7497 7497 7497 7497 7497 7497 7497 7497 7497 7497 7497 7497 7497 7497 7497 7497 7497 7497 7497 7497 7497 7497 7497
9369 1612 1612 1612 1612 1612 1612 2761 3159 1612 1612 1612 1612 1612 2236 1612 445 1612 1612 1612 1612 1612 1612 1612 1612 1612 1612 1612 1612 1612 1612 1612 1612 1612 1612 1612 1612 1612 1612 1612 1612 1612 1612 1612 1612 1612 1612 9092 9092 9092 9092 9092 9092 9092 5896 9092 9092 9092 9092 9092 9092 9092 9092 9092 9092 9092 9092 7930 7930 9092 4059 4059 4059 7497 7497 7497 6483 7497 7497 7497 2820 7958 7497 7497 7497 7497 7497 7497 7497 7497 7497 7497 7497 2743 7497 7497 7497 7497 7497 7497
9224 1612 1612 1612 1612 1612 1612 1612 1612 1612 1612 5614 8916 6556 6556 1612 1612 1612 1612 1612 1612 1612 1612 1612 1612 1612 1612 1612 1612 1612 1612 1612 1612 1612 1612 1612 6126 1612 7041 1612 1612 1612 1612 1612 1612 1612 1612 9513 9092 9092 9092 9092 9092 9092 9092 9092 9092 9092 9092 9092 9092 9092 9092 9092 9092 9092 9092 9092 9092 9092 4059 4059 4059 7497 7497 7497 6483 6483 6529 7497 3365 7497 7497 7497 7497 7497 7497 7497 7497 7497 7497 7497 7497 7497 7497 7497 7497 7497 7497 7497
9224 1612 1612 1612 1612 1612 1612 1612 1612 1612 1612 1612 8916 8916 1612 1612 1612 1612 1612 1612 1612 1612 1612 3294 1612 1612 1612 1612 1612 1612 1612 1612 1612 1612 1612 1958 6126 1612 1612 1612 1612 9476 9476 9476 1612 1612 9513 9513 8279 6443 6443 9092 6362 9092 9092 9092 9092 9092 9092 9092 9092 9092 9092 9092 9092 6208 7505 7497 7497 7497 4059 4059 4059 7497 7497 7497 7497 7497 7497 7497 7497 7497 7497 7497 7497 7497 7497 7497 7497 7497 7497 7497 7497 3349 7497 7497 7497 7497 7497 7497
4378 1612 1612 1612 1612 1612 1612 4802 1612 1612 1612 1612 8916 1612 1612 1612 1612 1612 1612 1612 1612 1612 1612 1612 1612 1612 1612 1612 1612 1612 1612 1612 1612 4016 1612 1612 6126 1612 5181 1612 1612 1612 9476 1612 1612 1612 9513 9513 9513 9513 9513 9513 6362 6362 4730 9092 7544 7544 9092 9092 9092 9092 9092 9092 8955 7505 7505 7497 7497 7497 7497 7497 7497 7497 7497 7497 7497 7497 3506 7497 7497 7497 7497 2095 9361 7497 7497 7497 7497 7497 6849 7497 7497 7497 7497 7497 7979 7497 7497 7497
4378 4378 1612 1612 1612 1612 1612 1612 1612 1612 9748 1612 1612 1612 1612 630 1612 1612 1612 1612 1612 1612 1612 1612 1612 1612 1612 1612 1612 1612 1612 1612 1612 4016 1612 1612 1612 1612 1612 1612 1612 1612 1612 1612 1730 9513 9513 9513 9513 9513 9513 9513 9513 4730 4730 4730 7544 7544 7544 4220 4848 2991 7505 9092 7505 7505 7505 9248 7497 9560 7497 7497 7497 7497 7497 7497 7497 7497 7497 7497 7497 7497 7497 7497 7497 7497 7497 7497 8349 7497 7497 7497 7497 3920 7497 7979 7979 9634 9634 6123
4378 1710 3761 3761 1612 1612 1612 1612 1612 1612 1612 1612 8996 1612 1612 4656 1612 1612 1612 1612 1612 1612 1612 1612 1612 1612 1612 1612 1612 1612 1612 1612 1612 1612 1612 1612 1612 1612 1612 1612 1612 5544 1612 1612 1612 9513 9513 9513 9513 9513 5727 212 4624 4730 4730 4730 7544 7544 7544 8883 1460 7505 7505 7505 7505 7505 7505 9248 1266 1266 1627 7497 7497 7497 7497 7497 7497 7497 7497 7497 7497 7497 7497 7497 7497 7497 9932 6432 6918 6332 7497 7497 7497 3920 7497 7497 7497 7497 5299 9865
1710 1710 3761 3761 1612 1612 1612 1612 1612 1612 1612 1612 8996 1907 1612 1612 1612 1612 1612 1612 1612 1612 1612 1612 1612 1612 1612 1612 1612 1612 1612 1612 1612 1612 1612 1612 1612 1612 1612 1612 5281 1612 1612 1612 1612 1612 9513 9513 2093 2093 2093 2093 2093 9988 4730 4730 5504 5504 8673 8883 8673 8673 7505 7505 7505 7505 7505 6006 5202 5202 5202 7497 7497 7497 7497 7497 7497 7497 7497 7497 7497 7497 7497 737 7497 7497 7497 7497 7497 7497 7497 7497 7497 7497 7497 7497 7497 7497 5299 9865
1710 1710 1710 1710 1612 1612 1612 1612 8352 1612 1612 8292 8996 2260 1612 1612 1612 1612 1612 1612 1612 1612 1612 1612 1612 1612 1612 1612 1612 1612 1612 1612 1612 7559 1798 1612 1612 9718 9718 4063 5281 5281 1612 1612 1612 9513 9513 9513 2093 7957 2093 2093 2093 3494 4730 2525 5504 5504 8673 8673 8673 8673 8673 8673 8673 7885 7885 3593 8628 8628 5202 5324 7497 7497 7497 7497 7497 7497 7497 7497 7497 9889 9889 737 9534 7497 7497 7497 7497 7497 7497 7497 7497 7497 7497 7497 2495 7848 7848 9865



100 2
4 174
177 46
94 189
154 78
180 122
54 117
158 156
187 123
130 170
196 92
119 146
91 163
107 35
87 85
9 29
61 109
99 80
6 124
77 38
71 150
34 184
131 106
145 14
30 185
166 47
37 200
160 18
81 165
41 8
148 191
60 45
101 96
125 105
168 115
52 3
147 190
149 33
56 40
82 136
49 194
195 153
58 64
110 100
11 17
22 129
28 178
192 10
75 127
140 103
12 93
23 16
128 141
36 197
161 66
51 175
95 182
65 73
132 48
19 181
116 42
172 102
144 86
135 1
198 43
70 25
63 118
176 24
173 159
139 121
98 142
179 53
112 69
155 13
169 183
89 120
157 162
79 59
167 67
133 32
5 55
114 88
137 134
152 83
26 186
199 62
72 113
50 20
84 39
111 31
97 90
143 68
7 193
126 15
164 188
74 57
171 21
44 27
151 138
108 104
76 2



5 5
1 1 1 1 1
1 2 2 2 1
1 2 3 2 1
1 1 2 1 1
1 1 2 1 1

3 4
1 1 3 3
1 2 2 3
2 2 3 3