100 4950
1 2 1 1000000
1 3 1 1000000
1 4 1 1000000
1 5 1 1000000
1 6 1 1000000
1 7 1 1000000
1 8 1 1000000
1 9 1 1000000
1 10 1 1000000
1 11 1 1000000
1 12 1 1000000
1 13 1 1000000
1 14 1 1000000
1 15 1 1000000
1 16 1 1000000
1 17 1 1000000
1 18 1 1000000
1 19 1 1000000
1 20 1 1000000
1 21 1 1000000
1 22 1 1000000
1 23 1 1000000
1 24 1 1000000
1 25 1 1000000
1 26 1 1000000
1 27 1 1000000
1 28 1 1000000
1 29 1 1000000
1 30 1 1000000
1 31 1 1000000
1 32 1 1000000
1 33 1 1000000
1 34 1 1000000
1 35 1 1000000
1 36 1 1000000
1 37 1 1000000
1 38 1 1000000
1 39 1 1000000
1 40 1 1000000
1 41 1 1000000
1 42 1 1000000
1 43 1 1000000
1 44 1 1000000
1 45 1 1000000
1 46 1 1000000
1 47 1 1000000
1 48 1 1000000
1 49 1 1000000
1 50 1 1000000
1 51 1 1000000
1 52 1 1000000
1 53 1 1000000
1 54 1 1000000
1 55 1 1000000
1 56 1 1000000
1 57 1 1000000
1 58 1 1000000
1 59 1 1000000
1 60 1 1000000
1 61 1 1000000
1 62 1 1000000
1 63 1 1000000
1 64 1 1000000
1 65 1 1000000
1 66 1 1000000
1 67 1 1000000
1 68 1 1000000
1 69 1 1000000
1 70 1 1000000
1 71 1 1000000
1 72 1 1000000
1 73 1 1000000
1 74 1 1000000
1 75 1 1000000
1 76 1 1000000
1 77 1 1000000
1 78 1 1000000
1 79 1 1000000
1 80 1 1000000
1 81 1 1000000
1 82 1 1000000
1 83 1 1000000
1 84 1 1000000
1 85 1 1000000
1 86 1 1000000
1 87 1 1000000
1 88 1 1000000
1 89 1 1000000
1 90 1 1000000
1 91 1 1000000
1 92 1 1000000
1 93 1 1000000
1 94 1 1000000
1 95 1 1000000
1 96 1 1000000
1 97 1 1000000
1 98 1 1000000
1 99 1 1000000
1 100 1 1000000
2 3 1 1000000
2 4 1 1000000
2 5 1 1000000
2 6 1 1000000
2 7 1 1000000
2 8 1 1000000
2 9 1 1000000
2 10 1 1000000
2 11 1 1000000
2 12 1 1000000
2 13 1 1000000
2 14 1 1000000
2 15 1 1000000
2 16 1 1000000
2 17 1 1000000
2 18 1 1000000
2 19 1 1000000
2 20 1 1000000
2 21 1 1000000
2 22 1 1000000
2 23 1 1000000
2 24 1 1000000
2 25 1 1000000
2 26 1 1000000
2 27 1 1000000
2 28 1 1000000
2 29 1 1000000
2 30 1 1000000
2 31 1 1000000
2 32 1 1000000
2 33 1 1000000
2 34 1 1000000
2 35 1 1000000
2 36 1 1000000
2 37 1 1000000
2 38 1 1000000
2 39 1 1000000
2 40 1 1000000
2 41 1 1000000
2 42 1 1000000
2 43 1 1000000
2 44 1 1000000
2 45 1 1000000
2 46 1 1000000
2 47 1 1000000
2 48 1 1000000
2 49 1 1000000
2 50 1 1000000
2 51 1 1000000
2 52 1 1000000
2 53 1 1000000
2 54 1 1000000
2 55 1 1000000
2 56 1 1000000
2 57 1 1000000
2 58 1 1000000
2 59 1 1000000
2 60 1 1000000
2 61 1 1000000
2 62 1 1000000
2 63 1 1000000
2 64 1 1000000
2 65 1 1000000
2 66 1 1000000
2 67 1 1000000
2 68 1 1000000
2 69 1 1000000
2 70 1 1000000
2 71 1 1000000
2 72 1 1000000
2 73 1 1000000
2 74 1 1000000
2 75 1 1000000
2 76 1 1000000
2 77 1 1000000
2 78 1 1000000
2 79 1 1000000
2 80 1 1000000
2 81 1 1000000
2 82 1 1000000
2 83 1 1000000
2 84 1 1000000
2 85 1 1000000
2 86 1 1000000
2 87 1 1000000
2 88 1 1000000
2 89 1 1000000
2 90 1 1000000
2 91 1 1000000
2 92 1 1000000
2 93 1 1000000
2 94 1 1000000
2 95 1 1000000
2 96 1 1000000
2 97 1 1000000
2 98 1 1000000
2 99 1 1000000
2 100 1 1000000
3 4 1 1000000
3 5 1 1000000
3 6 1 1000000
3 7 1 1000000
3 8 1 1000000
3 9 1 1000000
3 10 1 1000000
3 11 1 1000000
3 12 1 1000000
3 13 1 1000000
3 14 1 1000000
3 15 1 1000000
3 16 1 1000000
3 17 1 1000000
3 18 1 1000000
3 19 1 1000000
3 20 1 1000000
3 21 1 1000000
3 22 1 1000000
3 23 1 1000000
3 24 1 1000000
3 25 1 1000000
3 26 1 1000000
3 27 1 1000000
3 28 1 1000000
3 29 1 1000000
3 30 1 1000000
3 31 1 1000000
3 32 1 1000000
3 33 1 1000000
3 34 1 1000000
3 35 1 1000000
3 36 1 1000000
3 37 1 1000000
3 38 1 1000000
3 39 1 1000000
3 40 1 1000000
3 41 1 1000000
3 42 1 1000000
3 43 1 1000000
3 44 1 1000000
3 45 1 1000000
3 46 1 1000000
3 47 1 1000000
3 48 1 1000000
3 49 1 1000000
3 50 1 1000000
3 51 1 1000000
3 52 1 1000000
3 53 1 1000000
3 54 1 1000000
3 55 1 1000000
3 56 1 1000000
3 57 1 1000000
3 58 1 1000000
3 59 1 1000000
3 60 1 1000000
3 61 1 1000000
3 62 1 1000000
3 63 1 1000000
3 64 1 1000000
3 65 1 1000000
3 66 1 1000000
3 67 1 1000000
3 68 1 1000000
3 69 1 1000000
3 70 1 1000000
3 71 1 1000000
3 72 1 1000000
3 73 1 1000000
3 74 1 1000000
3 75 1 1000000
3 76 1 1000000
3 77 1 1000000
3 78 1 1000000
3 79 1 1000000
3 80 1 1000000
3 81 1 1000000
3 82 1 1000000
3 83 1 1000000
3 84 1 1000000
3 85 1 1000000
3 86 1 1000000
3 87 1 1000000
3 88 1 1000000
3 89 1 1000000
3 90 1 1000000
3 91 1 1000000
3 92 1 1000000
3 93 1 1000000
3 94 1 1000000
3 95 1 1000000
3 96 1 1000000
3 97 1 1000000
3 98 1 1000000
3 99 1 1000000
3 100 1 1000000
4 5 1 1000000
4 6 1 1000000
4 7 1 1000000
4 8 1 1000000
4 9 1 1000000
4 10 1 1000000
4 11 1 1000000
4 12 1 1000000
4 13 1 1000000
4 14 1 1000000
4 15 1 1000000
4 16 1 1000000
4 17 1 1000000
4 18 1 1000000
4 19 1 1000000
4 20 1 1000000
4 21 1 1000000
4 22 1 1000000
4 23 1 1000000
4 24 1 1000000
4 25 1 1000000
4 26 1 1000000
4 27 1 1000000
4 28 1 1000000
4 29 1 1000000
4 30 1 1000000
4 31 1 1000000
4 32 1 1000000
4 33 1 1000000
4 34 1 1000000
4 35 1 1000000
4 36 1 1000000
4 37 1 1000000
4 38 1 1000000
4 39 1 1000000
4 40 1 1000000
4 41 1 1000000
4 42 1 1000000
4 43 1 1000000
4 44 1 1000000
4 45 1 1000000
4 46 1 1000000
4 47 1 1000000
4 48 1 1000000
4 49 1 1000000
4 50 1 1000000
4 51 1 1000000
4 52 1 1000000
4 53 1 1000000
4 54 1 1000000
4 55 1 1000000
4 56 1 1000000
4 57 1 1000000
4 58 1 1000000
4 59 1 1000000
4 60 1 1000000
4 61 1 1000000
4 62 1 1000000
4 63 1 1000000
4 64 1 1000000
4 65 1 1000000
4 66 1 1000000
4 67 1 1000000
4 68 1 1000000
4 69 1 1000000
4 70 1 1000000
4 71 1 1000000
4 72 1 1000000
4 73 1 1000000
4 74 1 1000000
4 75 1 1000000
4 76 1 1000000
4 77 1 1000000
4 78 1 1000000
4 79 1 1000000
4 80 1 1000000
4 81 1 1000000
4 82 1 1000000
4 83 1 1000000
4 84 1 1000000
4 85 1 1000000
4 86 1 1000000
4 87 1 1000000
4 88 1 1000000
4 89 1 1000000
4 90 1 1000000
4 91 1 1000000
4 92 1 1000000
4 93 1 1000000
4 94 1 1000000
4 95 1 1000000
4 96 1 1000000
4 97 1 1000000
4 98 1 1000000
4 99 1 1000000
4 100 1 1000000
5 6 1 1000000
5 7 1 1000000
5 8 1 1000000
5 9 1 1000000
5 10 1 1000000
5 11 1 1000000
5 12 1 1000000
5 13 1 1000000
5 14 1 1000000
5 15 1 1000000
5 16 1 1000000
5 17 1 1000000
5 18 1 1000000
5 19 1 1000000
5 20 1 1000000
5 21 1 1000000
5 22 1 1000000
5 23 1 1000000
5 24 1 1000000
5 25 1 1000000
5 26 1 1000000
5 27 1 1000000
5 28 1 1000000
5 29 1 1000000
5 30 1 1000000
5 31 1 1000000
5 32 1 1000000
5 33 1 1000000
5 34 1 1000000
5 35 1 1000000
5 36 1 1000000
5 37 1 1000000
5 38 1 1000000
5 39 1 1000000
5 40 1 1000000
5 41 1 1000000
5 42 1 1000000
5 43 1 1000000
5 44 1 1000000
5 45 1 1000000
5 46 1 1000000
5 47 1 1000000
5 48 1 1000000
5 49 1 1000000
5 50 1 1000000
5 51 1 1000000
5 52 1 1000000
5 53 1 1000000
5 54 1 1000000
5 55 1 1000000
5 56 1 1000000
5 57 1 1000000
5 58 1 1000000
5 59 1 1000000
5 60 1 1000000
5 61 1 1000000
5 62 1 1000000
5 63 1 1000000
5 64 1 1000000
5 65 1 1000000
5 66 1 1000000
5 67 1 1000000
5 68 1 1000000
5 69 1 1000000
5 70 1 1000000
5 71 1 1000000
5 72 1 1000000
5 73 1 1000000
5 74 1 1000000
5 75 1 1000000
5 76 1 1000000
5 77 1 1000000
5 78 1 1000000
5 79 1 1000000
5 80 1 1000000
5 81 1 1000000
5 82 1 1000000
5 83 1 1000000
5 84 1 1000000
5 85 1 1000000
5 86 1 1000000
5 87 1 1000000
5 88 1 1000000
5 89 1 1000000
5 90 1 1000000
5 91 1 1000000
5 92 1 1000000
5 93 1 1000000
5 94 1 1000000
5 95 1 1000000
5 96 1 1000000
5 97 1 1000000
5 98 1 1000000
5 99 1 1000000
5 100 1 1000000
6 7 1 1000000
6 8 1 1000000
6 9 1 1000000
6 10 1 1000000
6 11 1 1000000
6 12 1 1000000
6 13 1 1000000
6 14 1 1000000
6 15 1 1000000
6 16 1 1000000
6 17 1 1000000
6 18 1 1000000
6 19 1 1000000
6 20 1 1000000
6 21 1 1000000
6 22 1 1000000
6 23 1 1000000
6 24 1 1000000
6 25 1 1000000
6 26 1 1000000
6 27 1 1000000
6 28 1 1000000
6 29 1 1000000
6 30 1 1000000
6 31 1 1000000
6 32 1 1000000
6 33 1 1000000
6 34 1 1000000
6 35 1 1000000
6 36 1 1000000
6 37 1 1000000
6 38 1 1000000
6 39 1 1000000
6 40 1 1000000
6 41 1 1000000
6 42 1 1000000
6 43 1 1000000
6 44 1 1000000
6 45 1 1000000
6 46 1 1000000
6 47 1 1000000
6 48 1 1000000
6 49 1 1000000
6 50 1 1000000
6 51 1 1000000
6 52 1 1000000
6 53 1 1000000
6 54 1 1000000
6 55 1 1000000
6 56 1 1000000
6 57 1 1000000
6 58 1 1000000
6 59 1 1000000
6 60 1 1000000
6 61 1 1000000
6 62 1 1000000
6 63 1 1000000
6 64 1 1000000
6 65 1 1000000
6 66 1 1000000
6 67 1 1000000
6 68 1 1000000
6 69 1 1000000
6 70 1 1000000
6 71 1 1000000
6 72 1 1000000
6 73 1 1000000
6 74 1 1000000
6 75 1 1000000
6 76 1 1000000
6 77 1 1000000
6 78 1 1000000
6 79 1 1000000
6 80 1 1000000
6 81 1 1000000
6 82 1 1000000
6 83 1 1000000
6 84 1 1000000
6 85 1 1000000
6 86 1 1000000
6 87 1 1000000
6 88 1 1000000
6 89 1 1000000
6 90 1 1000000
6 91 1 1000000
6 92 1 1000000
6 93 1 1000000
6 94 1 1000000
6 95 1 1000000
6 96 1 1000000
6 97 1 1000000
6 98 1 1000000
6 99 1 1000000
6 100 1 1000000
7 8 1 1000000
7 9 1 1000000
7 10 1 1000000
7 11 1 1000000
7 12 1 1000000
7 13 1 1000000
7 14 1 1000000
7 15 1 1000000
7 16 1 1000000
7 17 1 1000000
7 18 1 1000000
7 19 1 1000000
7 20 1 1000000
7 21 1 1000000
7 22 1 1000000
7 23 1 1000000
7 24 1 1000000
7 25 1 1000000
7 26 1 1000000
7 27 1 1000000
7 28 1 1000000
7 29 1 1000000
7 30 1 1000000
7 31 1 1000000
7 32 1 1000000
7 33 1 1000000
7 34 1 1000000
7 35 1 1000000
7 36 1 1000000
7 37 1 1000000
7 38 1 1000000
7 39 1 1000000
7 40 1 1000000
7 41 1 1000000
7 42 1 1000000
7 43 1 1000000
7 44 1 1000000
7 45 1 1000000
7 46 1 1000000
7 47 1 1000000
7 48 1 1000000
7 49 1 1000000
7 50 1 1000000
7 51 1 1000000
7 52 1 1000000
7 53 1 1000000
7 54 1 1000000
7 55 1 1000000
7 56 1 1000000
7 57 1 1000000
7 58 1 1000000
7 59 1 1000000
7 60 1 1000000
7 61 1 1000000
7 62 1 1000000
7 63 1 1000000
7 64 1 1000000
7 65 1 1000000
7 66 1 1000000
7 67 1 1000000
7 68 1 1000000
7 69 1 1000000
7 70 1 1000000
7 71 1 1000000
7 72 1 1000000
7 73 1 1000000
7 74 1 1000000
7 75 1 1000000
7 76 1 1000000
7 77 1 1000000
7 78 1 1000000
7 79 1 1000000
7 80 1 1000000
7 81 1 1000000
7 82 1 1000000
7 83 1 1000000
7 84 1 1000000
7 85 1 1000000
7 86 1 1000000
7 87 1 1000000
7 88 1 1000000
7 89 1 1000000
7 90 1 1000000
7 91 1 1000000
7 92 1 1000000
7 93 1 1000000
7 94 1 1000000
7 95 1 1000000
7 96 1 1000000
7 97 1 1000000
7 98 1 1000000
7 99 1 1000000
7 100 1 1000000
8 9 1 1000000
8 10 1 1000000
8 11 1 1000000
8 12 1 1000000
8 13 1 1000000
8 14 1 1000000
8 15 1 1000000
8 16 1 1000000
8 17 1 1000000
8 18 1 1000000
8 19 1 1000000
8 20 1 1000000
8 21 1 1000000
8 22 1 1000000
8 23 1 1000000
8 24 1 1000000
8 25 1 1000000
8 26 1 1000000
8 27 1 1000000
8 28 1 1000000
8 29 1 1000000
8 30 1 1000000
8 31 1 1000000
8 32 1 1000000
8 33 1 1000000
8 34 1 1000000
8 35 1 1000000
8 36 1 1000000
8 37 1 1000000
8 38 1 1000000
8 39 1 1000000
8 40 1 1000000
8 41 1 1000000
8 42 1 1000000
8 43 1 1000000
8 44 1 1000000
8 45 1 1000000
8 46 1 1000000
8 47 1 1000000
8 48 1 1000000
8 49 1 1000000
8 50 1 1000000
8 51 1 1000000
8 52 1 1000000
8 53 1 1000000
8 54 1 1000000
8 55 1 1000000
8 56 1 1000000
8 57 1 1000000
8 58 1 1000000
8 59 1 1000000
8 60 1 1000000
8 61 1 1000000
8 62 1 1000000
8 63 1 1000000
8 64 1 1000000
8 65 1 1000000
8 66 1 1000000
8 67 1 1000000
8 68 1 1000000
8 69 1 1000000
8 70 1 1000000
8 71 1 1000000
8 72 1 1000000
8 73 1 1000000
8 74 1 1000000
8 75 1 1000000
8 76 1 1000000
8 77 1 1000000
8 78 1 1000000
8 79 1 1000000
8 80 1 1000000
8 81 1 1000000
8 82 1 1000000
8 83 1 1000000
8 84 1 1000000
8 85 1 1000000
8 86 1 1000000
8 87 1 1000000
8 88 1 1000000
8 89 1 1000000
8 90 1 1000000
8 91 1 1000000
8 92 1 1000000
8 93 1 1000000
8 94 1 1000000
8 95 1 1000000
8 96 1 1000000
8 97 1 1000000
8 98 1 1000000
8 99 1 1000000
8 100 1 1000000
9 10 1 1000000
9 11 1 1000000
9 12 1 1000000
9 13 1 1000000
9 14 1 1000000
9 15 1 1000000
9 16 1 1000000
9 17 1 1000000
9 18 1 1000000
9 19 1 1000000
9 20 1 1000000
9 21 1 1000000
9 22 1 1000000
9 23 1 1000000
9 24 1 1000000
9 25 1 1000000
9 26 1 1000000
9 27 1 1000000
9 28 1 1000000
9 29 1 1000000
9 30 1 1000000
9 31 1 1000000
9 32 1 1000000
9 33 1 1000000
9 34 1 1000000
9 35 1 1000000
9 36 1 1000000
9 37 1 1000000
9 38 1 1000000
9 39 1 1000000
9 40 1 1000000
9 41 1 1000000
9 42 1 1000000
9 43 1 1000000
9 44 1 1000000
9 45 1 1000000
9 46 1 1000000
9 47 1 1000000
9 48 1 1000000
9 49 1 1000000
9 50 1 1000000
9 51 1 1000000
9 52 1 1000000
9 53 1 1000000
9 54 1 1000000
9 55 1 1000000
9 56 1 1000000
9 57 1 1000000
9 58 1 1000000
9 59 1 1000000
9 60 1 1000000
9 61 1 1000000
9 62 1 1000000
9 63 1 1000000
9 64 1 1000000
9 65 1 1000000
9 66 1 1000000
9 67 1 1000000
9 68 1 1000000
9 69 1 1000000
9 70 1 1000000
9 71 1 1000000
9 72 1 1000000
9 73 1 1000000
9 74 1 1000000
9 75 1 1000000
9 76 1 1000000
9 77 1 1000000
9 78 1 1000000
9 79 1 1000000
9 80 1 1000000
9 81 1 1000000
9 82 1 1000000
9 83 1 1000000
9 84 1 1000000
9 85 1 1000000
9 86 1 1000000
9 87 1 1000000
9 88 1 1000000
9 89 1 1000000
9 90 1 1000000
9 91 1 1000000
9 92 1 1000000
9 93 1 1000000
9 94 1 1000000
9 95 1 1000000
9 96 1 1000000
9 97 1 1000000
9 98 1 1000000
9 99 1 1000000
9 100 1 1000000
10 11 1 1000000
10 12 1 1000000
10 13 1 1000000
10 14 1 1000000
10 15 1 1000000
10 16 1 1000000
10 17 1 1000000
10 18 1 1000000
10 19 1 1000000
10 20 1 1000000
10 21 1 1000000
10 22 1 1000000
10 23 1 1000000
10 24 1 1000000
10 25 1 1000000
10 26 1 1000000
10 27 1 1000000
10 28 1 1000000
10 29 1 1000000
10 30 1 1000000
10 31 1 1000000
10 32 1 1000000
10 33 1 1000000
10 34 1 1000000
10 35 1 1000000
10 36 1 1000000
10 37 1 1000000
10 38 1 1000000
10 39 1 1000000
10 40 1 1000000
10 41 1 1000000
10 42 1 1000000
10 43 1 1000000
10 44 1 1000000
10 45 1 1000000
10 46 1 1000000
10 47 1 1000000
10 48 1 1000000
10 49 1 1000000
10 50 1 1000000
10 51 1 1000000
10 52 1 1000000
10 53 1 1000000
10 54 1 1000000
10 55 1 1000000
10 56 1 1000000
10 57 1 1000000
10 58 1 1000000
10 59 1 1000000
10 60 1 1000000
10 61 1 1000000
10 62 1 1000000
10 63 1 1000000
10 64 1 1000000
10 65 1 1000000
10 66 1 1000000
10 67 1 1000000
10 68 1 1000000
10 69 1 1000000
10 70 1 1000000
10 71 1 1000000
10 72 1 1000000
10 73 1 1000000
10 74 1 1000000
10 75 1 1000000
10 76 1 1000000
10 77 1 1000000
10 78 1 1000000
10 79 1 1000000
10 80 1 1000000
10 81 1 1000000
10 82 1 1000000
10 83 1 1000000
10 84 1 1000000
10 85 1 1000000
10 86 1 1000000
10 87 1 1000000
10 88 1 1000000
10 89 1 1000000
10 90 1 1000000
10 91 1 1000000
10 92 1 1000000
10 93 1 1000000
10 94 1 1000000
10 95 1 1000000
10 96 1 1000000
10 97 1 1000000
10 98 1 1000000
10 99 1 1000000
10 100 1 1000000
11 12 1 1000000
11 13 1 1000000
11 14 1 1000000
11 15 1 1000000
11 16 1 1000000
11 17 1 1000000
11 18 1 1000000
11 19 1 1000000
11 20 1 1000000
11 21 1 1000000
11 22 1 1000000
11 23 1 1000000
11 24 1 1000000
11 25 1 1000000
11 26 1 1000000
11 27 1 1000000
11 28 1 1000000
11 29 1 1000000
11 30 1 1000000
11 31 1 1000000
11 32 1 1000000
11 33 1 1000000
11 34 1 1000000
11 35 1 1000000
11 36 1 1000000
11 37 1 1000000
11 38 1 1000000
11 39 1 1000000
11 40 1 1000000
11 41 1 1000000
11 42 1 1000000
11 43 1 1000000
11 44 1 1000000
11 45 1 1000000
11 46 1 1000000
11 47 1 1000000
11 48 1 1000000
11 49 1 1000000
11 50 1 1000000
11 51 1 1000000
11 52 1 1000000
11 53 1 1000000
11 54 1 1000000
11 55 1 1000000
11 56 1 1000000
11 57 1 1000000
11 58 1 1000000
11 59 1 1000000
11 60 1 1000000
11 61 1 1000000
11 62 1 1000000
11 63 1 1000000
11 64 1 1000000
11 65 1 1000000
11 66 1 1000000
11 67 1 1000000
11 68 1 1000000
11 69 1 1000000
11 70 1 1000000
11 71 1 1000000
11 72 1 1000000
11 73 1 1000000
11 74 1 1000000
11 75 1 1000000
11 76 1 1000000
11 77 1 1000000
11 78 1 1000000
11 79 1 1000000
11 80 1 1000000
11 81 1 1000000
11 82 1 1000000
11 83 1 1000000
11 84 1 1000000
11 85 1 1000000
11 86 1 1000000
11 87 1 1000000
11 88 1 1000000
11 89 1 1000000
11 90 1 1000000
11 91 1 1000000
11 92 1 1000000
11 93 1 1000000
11 94 1 1000000
11 95 1 1000000
11 96 1 1000000
11 97 1 1000000
11 98 1 1000000
11 99 1 1000000
11 100 1 1000000
12 13 1 1000000
12 14 1 1000000
12 15 1 1000000
12 16 1 1000000
12 17 1 1000000
12 18 1 1000000
12 19 1 1000000
12 20 1 1000000
12 21 1 1000000
12 22 1 1000000
12 23 1 1000000
12 24 1 1000000
12 25 1 1000000
12 26 1 1000000
12 27 1 1000000
12 28 1 1000000
12 29 1 1000000
12 30 1 1000000
12 31 1 1000000
12 32 1 1000000
12 33 1 1000000
12 34 1 1000000
12 35 1 1000000
12 36 1 1000000
12 37 1 1000000
12 38 1 1000000
12 39 1 1000000
12 40 1 1000000
12 41 1 1000000
12 42 1 1000000
12 43 1 1000000
12 44 1 1000000
12 45 1 1000000
12 46 1 1000000
12 47 1 1000000
12 48 1 1000000
12 49 1 1000000
12 50 1 1000000
12 51 1 1000000
12 52 1 1000000
12 53 1 1000000
12 54 1 1000000
12 55 1 1000000
12 56 1 1000000
12 57 1 1000000
12 58 1 1000000
12 59 1 1000000
12 60 1 1000000
12 61 1 1000000
12 62 1 1000000
12 63 1 1000000
12 64 1 1000000
12 65 1 1000000
12 66 1 1000000
12 67 1 1000000
12 68 1 1000000
12 69 1 1000000
12 70 1 1000000
12 71 1 1000000
12 72 1 1000000
12 73 1 1000000
12 74 1 1000000
12 75 1 1000000
12 76 1 1000000
12 77 1 1000000
12 78 1 1000000
12 79 1 1000000
12 80 1 1000000
12 81 1 1000000
12 82 1 1000000
12 83 1 1000000
12 84 1 1000000
12 85 1 1000000
12 86 1 1000000
12 87 1 1000000
12 88 1 1000000
12 89 1 1000000
12 90 1 1000000
12 91 1 1000000
12 92 1 1000000
12 93 1 1000000
12 94 1 1000000
12 95 1 1000000
12 96 1 1000000
12 97 1 1000000
12 98 1 1000000
12 99 1 1000000
12 100 1 1000000
13 14 1 1000000
13 15 1 1000000
13 16 1 1000000
13 17 1 1000000
13 18 1 1000000
13 19 1 1000000
13 20 1 1000000
13 21 1 1000000
13 22 1 1000000
13 23 1 1000000
13 24 1 1000000
13 25 1 1000000
13 26 1 1000000
13 27 1 1000000
13 28 1 1000000
13 29 1 1000000
13 30 1 1000000
13 31 1 1000000
13 32 1 1000000
13 33 1 1000000
13 34 1 1000000
13 35 1 1000000
13 36 1 1000000
13 37 1 1000000
13 38 1 1000000
13 39 1 1000000
13 40 1 1000000
13 41 1 1000000
13 42 1 1000000
13 43 1 1000000
13 44 1 1000000
13 45 1 1000000
13 46 1 1000000
13 47 1 1000000
13 48 1 1000000
13 49 1 1000000
13 50 1 1000000
13 51 1 1000000
13 52 1 1000000
13 53 1 1000000
13 54 1 1000000
13 55 1 1000000
13 56 1 1000000
13 57 1 1000000
13 58 1 1000000
13 59 1 1000000
13 60 1 1000000
13 61 1 1000000
13 62 1 1000000
13 63 1 1000000
13 64 1 1000000
13 65 1 1000000
13 66 1 1000000
13 67 1 1000000
13 68 1 1000000
13 69 1 1000000
13 70 1 1000000
13 71 1 1000000
13 72 1 1000000
13 73 1 1000000
13 74 1 1000000
13 75 1 1000000
13 76 1 1000000
13 77 1 1000000
13 78 1 1000000
13 79 1 1000000
13 80 1 1000000
13 81 1 1000000
13 82 1 1000000
13 83 1 1000000
13 84 1 1000000
13 85 1 1000000
13 86 1 1000000
13 87 1 1000000
13 88 1 1000000
13 89 1 1000000
13 90 1 1000000
13 91 1 1000000
13 92 1 1000000
13 93 1 1000000
13 94 1 1000000
13 95 1 1000000
13 96 1 1000000
13 97 1 1000000
13 98 1 1000000
13 99 1 1000000
13 100 1 1000000
14 15 1 1000000
14 16 1 1000000
14 17 1 1000000
14 18 1 1000000
14 19 1 1000000
14 20 1 1000000
14 21 1 1000000
14 22 1 1000000
14 23 1 1000000
14 24 1 1000000
14 25 1 1000000
14 26 1 1000000
14 27 1 1000000
14 28 1 1000000
14 29 1 1000000
14 30 1 1000000
14 31 1 1000000
14 32 1 1000000
14 33 1 1000000
14 34 1 1000000
14 35 1 1000000
14 36 1 1000000
14 37 1 1000000
14 38 1 1000000
14 39 1 1000000
14 40 1 1000000
14 41 1 1000000
14 42 1 1000000
14 43 1 1000000
14 44 1 1000000
14 45 1 1000000
14 46 1 1000000
14 47 1 1000000
14 48 1 1000000
14 49 1 1000000
14 50 1 1000000
14 51 1 1000000
14 52 1 1000000
14 53 1 1000000
14 54 1 1000000
14 55 1 1000000
14 56 1 1000000
14 57 1 1000000
14 58 1 1000000
14 59 1 1000000
14 60 1 1000000
14 61 1 1000000
14 62 1 1000000
14 63 1 1000000
14 64 1 1000000
14 65 1 1000000
14 66 1 1000000
14 67 1 1000000
14 68 1 1000000
14 69 1 1000000
14 70 1 1000000
14 71 1 1000000
14 72 1 1000000
14 73 1 1000000
14 74 1 1000000
14 75 1 1000000
14 76 1 1000000
14 77 1 1000000
14 78 1 1000000
14 79 1 1000000
14 80 1 1000000
14 81 1 1000000
14 82 1 1000000
14 83 1 1000000
14 84 1 1000000
14 85 1 1000000
14 86 1 1000000
14 87 1 1000000
14 88 1 1000000
14 89 1 1000000
14 90 1 1000000
14 91 1 1000000
14 92 1 1000000
14 93 1 1000000
14 94 1 1000000
14 95 1 1000000
14 96 1 1000000
14 97 1 1000000
14 98 1 1000000
14 99 1 1000000
14 100 1 1000000
15 16 1 1000000
15 17 1 1000000
15 18 1 1000000
15 19 1 1000000
15 20 1 1000000
15 21 1 1000000
15 22 1 1000000
15 23 1 1000000
15 24 1 1000000
15 25 1 1000000
15 26 1 1000000
15 27 1 1000000
15 28 1 1000000
15 29 1 1000000
15 30 1 1000000
15 31 1 1000000
15 32 1 1000000
15 33 1 1000000
15 34 1 1000000
15 35 1 1000000
15 36 1 1000000
15 37 1 1000000
15 38 1 1000000
15 39 1 1000000
15 40 1 1000000
15 41 1 1000000
15 42 1 1000000
15 43 1 1000000
15 44 1 1000000
15 45 1 1000000
15 46 1 1000000
15 47 1 1000000
15 48 1 1000000
15 49 1 1000000
15 50 1 1000000
15 51 1 1000000
15 52 1 1000000
15 53 1 1000000
15 54 1 1000000
15 55 1 1000000
15 56 1 1000000
15 57 1 1000000
15 58 1 1000000
15 59 1 1000000
15 60 1 1000000
15 61 1 1000000
15 62 1 1000000
15 63 1 1000000
15 64 1 1000000
15 65 1 1000000
15 66 1 1000000
15 67 1 1000000
15 68 1 1000000
15 69 1 1000000
15 70 1 1000000
15 71 1 1000000
15 72 1 1000000
15 73 1 1000000
15 74 1 1000000
15 75 1 1000000
15 76 1 1000000
15 77 1 1000000
15 78 1 1000000
15 79 1 1000000
15 80 1 1000000
15 81 1 1000000
15 82 1 1000000
15 83 1 1000000
15 84 1 1000000
15 85 1 1000000
15 86 1 1000000
15 87 1 1000000
15 88 1 1000000
15 89 1 1000000
15 90 1 1000000
15 91 1 1000000
15 92 1 1000000
15 93 1 1000000
15 94 1 1000000
15 95 1 1000000
15 96 1 1000000
15 97 1 1000000
15 98 1 1000000
15 99 1 1000000
15 100 1 1000000
16 17 1 1000000
16 18 1 1000000
16 19 1 1000000
16 20 1 1000000
16 21 1 1000000
16 22 1 1000000
16 23 1 1000000
16 24 1 1000000
16 25 1 1000000
16 26 1 1000000
16 27 1 1000000
16 28 1 1000000
16 29 1 1000000
16 30 1 1000000
16 31 1 1000000
16 32 1 1000000
16 33 1 1000000
16 34 1 1000000
16 35 1 1000000
16 36 1 1000000
16 37 1 1000000
16 38 1 1000000
16 39 1 1000000
16 40 1 1000000
16 41 1 1000000
16 42 1 1000000
16 43 1 1000000
16 44 1 1000000
16 45 1 1000000
16 46 1 1000000
16 47 1 1000000
16 48 1 1000000
16 49 1 1000000
16 50 1 1000000
16 51 1 1000000
16 52 1 1000000
16 53 1 1000000
16 54 1 1000000
16 55 1 1000000
16 56 1 1000000
16 57 1 1000000
16 58 1 1000000
16 59 1 1000000
16 60 1 1000000
16 61 1 1000000
16 62 1 1000000
16 63 1 1000000
16 64 1 1000000
16 65 1 1000000
16 66 1 1000000
16 67 1 1000000
16 68 1 1000000
16 69 1 1000000
16 70 1 1000000
16 71 1 1000000
16 72 1 1000000
16 73 1 1000000
16 74 1 1000000
16 75 1 1000000
16 76 1 1000000
16 77 1 1000000
16 78 1 1000000
16 79 1 1000000
16 80 1 1000000
16 81 1 1000000
16 82 1 1000000
16 83 1 1000000
16 84 1 1000000
16 85 1 1000000
16 86 1 1000000
16 87 1 1000000
16 88 1 1000000
16 89 1 1000000
16 90 1 1000000
16 91 1 1000000
16 92 1 1000000
16 93 1 1000000
16 94 1 1000000
16 95 1 1000000
16 96 1 1000000
16 97 1 1000000
16 98 1 1000000
16 99 1 1000000
16 100 1 1000000
17 18 1 1000000
17 19 1 1000000
17 20 1 1000000
17 21 1 1000000
17 22 1 1000000
17 23 1 1000000
17 24 1 1000000
17 25 1 1000000
17 26 1 1000000
17 27 1 1000000
17 28 1 1000000
17 29 1 1000000
17 30 1 1000000
17 31 1 1000000
17 32 1 1000000
17 33 1 1000000
17 34 1 1000000
17 35 1 1000000
17 36 1 1000000
17 37 1 1000000
17 38 1 1000000
17 39 1 1000000
17 40 1 1000000
17 41 1 1000000
17 42 1 1000000
17 43 1 1000000
17 44 1 1000000
17 45 1 1000000
17 46 1 1000000
17 47 1 1000000
17 48 1 1000000
17 49 1 1000000
17 50 1 1000000
17 51 1 1000000
17 52 1 1000000
17 53 1 1000000
17 54 1 1000000
17 55 1 1000000
17 56 1 1000000
17 57 1 1000000
17 58 1 1000000
17 59 1 1000000
17 60 1 1000000
17 61 1 1000000
17 62 1 1000000
17 63 1 1000000
17 64 1 1000000
17 65 1 1000000
17 66 1 1000000
17 67 1 1000000
17 68 1 1000000
17 69 1 1000000
17 70 1 1000000
17 71 1 1000000
17 72 1 1000000
17 73 1 1000000
17 74 1 1000000
17 75 1 1000000
17 76 1 1000000
17 77 1 1000000
17 78 1 1000000
17 79 1 1000000
17 80 1 1000000
17 81 1 1000000
17 82 1 1000000
17 83 1 1000000
17 84 1 1000000
17 85 1 1000000
17 86 1 1000000
17 87 1 1000000
17 88 1 1000000
17 89 1 1000000
17 90 1 1000000
17 91 1 1000000
17 92 1 1000000
17 93 1 1000000
17 94 1 1000000
17 95 1 1000000
17 96 1 1000000
17 97 1 1000000
17 98 1 1000000
17 99 1 1000000
17 100 1 1000000
18 19 1 1000000
18 20 1 1000000
18 21 1 1000000
18 22 1 1000000
18 23 1 1000000
18 24 1 1000000
18 25 1 1000000
18 26 1 1000000
18 27 1 1000000
18 28 1 1000000
18 29 1 1000000
18 30 1 1000000
18 31 1 1000000
18 32 1 1000000
18 33 1 1000000
18 34 1 1000000
18 35 1 1000000
18 36 1 1000000
18 37 1 1000000
18 38 1 1000000
18 39 1 1000000
18 40 1 1000000
18 41 1 1000000
18 42 1 1000000
18 43 1 1000000
18 44 1 1000000
18 45 1 1000000
18 46 1 1000000
18 47 1 1000000
18 48 1 1000000
18 49 1 1000000
18 50 1 1000000
18 51 1 1000000
18 52 1 1000000
18 53 1 1000000
18 54 1 1000000
18 55 1 1000000
18 56 1 1000000
18 57 1 1000000
18 58 1 1000000
18 59 1 1000000
18 60 1 1000000
18 61 1 1000000
18 62 1 1000000
18 63 1 1000000
18 64 1 1000000
18 65 1 1000000
18 66 1 1000000
18 67 1 1000000
18 68 1 1000000
18 69 1 1000000
18 70 1 1000000
18 71 1 1000000
18 72 1 1000000
18 73 1 1000000
18 74 1 1000000
18 75 1 1000000
18 76 1 1000000
18 77 1 1000000
18 78 1 1000000
18 79 1 1000000
18 80 1 1000000
18 81 1 1000000
18 82 1 1000000
18 83 1 1000000
18 84 1 1000000
18 85 1 1000000
18 86 1 1000000
18 87 1 1000000
18 88 1 1000000
18 89 1 1000000
18 90 1 1000000
18 91 1 1000000
18 92 1 1000000
18 93 1 1000000
18 94 1 1000000
18 95 1 1000000
18 96 1 1000000
18 97 1 1000000
18 98 1 1000000
18 99 1 1000000
18 100 1 1000000
19 20 1 1000000
19 21 1 1000000
19 22 1 1000000
19 23 1 1000000
19 24 1 1000000
19 25 1 1000000
19 26 1 1000000
19 27 1 1000000
19 28 1 1000000
19 29 1 1000000
19 30 1 1000000
19 31 1 1000000
19 32 1 1000000
19 33 1 1000000
19 34 1 1000000
19 35 1 1000000
19 36 1 1000000
19 37 1 1000000
19 38 1 1000000
19 39 1 1000000
19 40 1 1000000
19 41 1 1000000
19 42 1 1000000
19 43 1 1000000
19 44 1 1000000
19 45 1 1000000
19 46 1 1000000
19 47 1 1000000
19 48 1 1000000
19 49 1 1000000
19 50 1 1000000
19 51 1 1000000
19 52 1 1000000
19 53 1 1000000
19 54 1 1000000
19 55 1 1000000
19 56 1 1000000
19 57 1 1000000
19 58 1 1000000
19 59 1 1000000
19 60 1 1000000
19 61 1 1000000
19 62 1 1000000
19 63 1 1000000
19 64 1 1000000
19 65 1 1000000
19 66 1 1000000
19 67 1 1000000
19 68 1 1000000
19 69 1 1000000
19 70 1 1000000
19 71 1 1000000
19 72 1 1000000
19 73 1 1000000
19 74 1 1000000
19 75 1 1000000
19 76 1 1000000
19 77 1 1000000
19 78 1 1000000
19 79 1 1000000
19 80 1 1000000
19 81 1 1000000
19 82 1 1000000
19 83 1 1000000
19 84 1 1000000
19 85 1 1000000
19 86 1 1000000
19 87 1 1000000
19 88 1 1000000
19 89 1 1000000
19 90 1 1000000
19 91 1 1000000
19 92 1 1000000
19 93 1 1000000
19 94 1 1000000
19 95 1 1000000
19 96 1 1000000
19 97 1 1000000
19 98 1 1000000
19 99 1 1000000
19 100 1 1000000
20 21 1 1000000
20 22 1 1000000
20 23 1 1000000
20 24 1 1000000
20 25 1 1000000
20 26 1 1000000
20 27 1 1000000
20 28 1 1000000
20 29 1 1000000
20 30 1 1000000
20 31 1 1000000
20 32 1 1000000
20 33 1 1000000
20 34 1 1000000
20 35 1 1000000
20 36 1 1000000
20 37 1 1000000
20 38 1 1000000
20 39 1 1000000
20 40 1 1000000
20 41 1 1000000
20 42 1 1000000
20 43 1 1000000
20 44 1 1000000
20 45 1 1000000
20 46 1 1000000
20 47 1 1000000
20 48 1 1000000
20 49 1 1000000
20 50 1 1000000
20 51 1 1000000
20 52 1 1000000
20 53 1 1000000
20 54 1 1000000
20 55 1 1000000
20 56 1 1000000
20 57 1 1000000
20 58 1 1000000
20 59 1 1000000
20 60 1 1000000
20 61 1 1000000
20 62 1 1000000
20 63 1 1000000
20 64 1 1000000
20 65 1 1000000
20 66 1 1000000
20 67 1 1000000
20 68 1 1000000
20 69 1 1000000
20 70 1 1000000
20 71 1 1000000
20 72 1 1000000
20 73 1 1000000
20 74 1 1000000
20 75 1 1000000
20 76 1 1000000
20 77 1 1000000
20 78 1 1000000
20 79 1 1000000
20 80 1 1000000
20 81 1 1000000
20 82 1 1000000
20 83 1 1000000
20 84 1 1000000
20 85 1 1000000
20 86 1 1000000
20 87 1 1000000
20 88 1 1000000
20 89 1 1000000
20 90 1 1000000
20 91 1 1000000
20 92 1 1000000
20 93 1 1000000
20 94 1 1000000
20 95 1 1000000
20 96 1 1000000
20 97 1 1000000
20 98 1 1000000
20 99 1 1000000
20 100 1 1000000
21 22 1 1000000
21 23 1 1000000
21 24 1 1000000
21 25 1 1000000
21 26 1 1000000
21 27 1 1000000
21 28 1 1000000
21 29 1 1000000
21 30 1 1000000
21 31 1 1000000
21 32 1 1000000
21 33 1 1000000
21 34 1 1000000
21 35 1 1000000
21 36 1 1000000
21 37 1 1000000
21 38 1 1000000
21 39 1 1000000
21 40 1 1000000
21 41 1 1000000
21 42 1 1000000
21 43 1 1000000
21 44 1 1000000
21 45 1 1000000
21 46 1 1000000
21 47 1 1000000
21 48 1 1000000
21 49 1 1000000
21 50 1 1000000
21 51 1 1000000
21 52 1 1000000
21 53 1 1000000
21 54 1 1000000
21 55 1 1000000
21 56 1 1000000
21 57 1 1000000
21 58 1 1000000
21 59 1 1000000
21 60 1 1000000
21 61 1 1000000
21 62 1 1000000
21 63 1 1000000
21 64 1 1000000
21 65 1 1000000
21 66 1 1000000
21 67 1 1000000
21 68 1 1000000
21 69 1 1000000
21 70 1 1000000
21 71 1 1000000
21 72 1 1000000
21 73 1 1000000
21 74 1 1000000
21 75 1 1000000
21 76 1 1000000
21 77 1 1000000
21 78 1 1000000
21 79 1 1000000
21 80 1 1000000
21 81 1 1000000
21 82 1 1000000
21 83 1 1000000
21 84 1 1000000
21 85 1 1000000
21 86 1 1000000
21 87 1 1000000
21 88 1 1000000
21 89 1 1000000
21 90 1 1000000
21 91 1 1000000
21 92 1 1000000
21 93 1 1000000
21 94 1 1000000
21 95 1 1000000
21 96 1 1000000
21 97 1 1000000
21 98 1 1000000
21 99 1 1000000
21 100 1 1000000
22 23 1 1000000
22 24 1 1000000
22 25 1 1000000
22 26 1 1000000
22 27 1 1000000
22 28 1 1000000
22 29 1 1000000
22 30 1 1000000
22 31 1 1000000
22 32 1 1000000
22 33 1 1000000
22 34 1 1000000
22 35 1 1000000
22 36 1 1000000
22 37 1 1000000
22 38 1 1000000
22 39 1 1000000
22 40 1 1000000
22 41 1 1000000
22 42 1 1000000
22 43 1 1000000
22 44 1 1000000
22 45 1 1000000
22 46 1 1000000
22 47 1 1000000
22 48 1 1000000
22 49 1 1000000
22 50 1 1000000
22 51 1 1000000
22 52 1 1000000
22 53 1 1000000
22 54 1 1000000
22 55 1 1000000
22 56 1 1000000
22 57 1 1000000
22 58 1 1000000
22 59 1 1000000
22 60 1 1000000
22 61 1 1000000
22 62 1 1000000
22 63 1 1000000
22 64 1 1000000
22 65 1 1000000
22 66 1 1000000
22 67 1 1000000
22 68 1 1000000
22 69 1 1000000
22 70 1 1000000
22 71 1 1000000
22 72 1 1000000
22 73 1 1000000
22 74 1 1000000
22 75 1 1000000
22 76 1 1000000
22 77 1 1000000
22 78 1 1000000
22 79 1 1000000
22 80 1 1000000
22 81 1 1000000
22 82 1 1000000
22 83 1 1000000
22 84 1 1000000
22 85 1 1000000
22 86 1 1000000
22 87 1 1000000
22 88 1 1000000
22 89 1 1000000
22 90 1 1000000
22 91 1 1000000
22 92 1 1000000
22 93 1 1000000
22 94 1 1000000
22 95 1 1000000
22 96 1 1000000
22 97 1 1000000
22 98 1 1000000
22 99 1 1000000
22 100 1 1000000
23 24 1 1000000
23 25 1 1000000
23 26 1 1000000
23 27 1 1000000
23 28 1 1000000
23 29 1 1000000
23 30 1 1000000
23 31 1 1000000
23 32 1 1000000
23 33 1 1000000
23 34 1 1000000
23 35 1 1000000
23 36 1 1000000
23 37 1 1000000
23 38 1 1000000
23 39 1 1000000
23 40 1 1000000
23 41 1 1000000
23 42 1 1000000
23 43 1 1000000
23 44 1 1000000
23 45 1 1000000
23 46 1 1000000
23 47 1 1000000
23 48 1 1000000
23 49 1 1000000
23 50 1 1000000
23 51 1 1000000
23 52 1 1000000
23 53 1 1000000
23 54 1 1000000
23 55 1 1000000
23 56 1 1000000
23 57 1 1000000
23 58 1 1000000
23 59 1 1000000
23 60 1 1000000
23 61 1 1000000
23 62 1 1000000
23 63 1 1000000
23 64 1 1000000
23 65 1 1000000
23 66 1 1000000
23 67 1 1000000
23 68 1 1000000
23 69 1 1000000
23 70 1 1000000
23 71 1 1000000
23 72 1 1000000
23 73 1 1000000
23 74 1 1000000
23 75 1 1000000
23 76 1 1000000
23 77 1 1000000
23 78 1 1000000
23 79 1 1000000
23 80 1 1000000
23 81 1 1000000
23 82 1 1000000
23 83 1 1000000
23 84 1 1000000
23 85 1 1000000
23 86 1 1000000
23 87 1 1000000
23 88 1 1000000
23 89 1 1000000
23 90 1 1000000
23 91 1 1000000
23 92 1 1000000
23 93 1 1000000
23 94 1 1000000
23 95 1 1000000
23 96 1 1000000
23 97 1 1000000
23 98 1 1000000
23 99 1 1000000
23 100 1 1000000
24 25 1 1000000
24 26 1 1000000
24 27 1 1000000
24 28 1 1000000
24 29 1 1000000
24 30 1 1000000
24 31 1 1000000
24 32 1 1000000
24 33 1 1000000
24 34 1 1000000
24 35 1 1000000
24 36 1 1000000
24 37 1 1000000
24 38 1 1000000
24 39 1 1000000
24 40 1 1000000
24 41 1 1000000
24 42 1 1000000
24 43 1 1000000
24 44 1 1000000
24 45 1 1000000
24 46 1 1000000
24 47 1 1000000
24 48 1 1000000
24 49 1 1000000
24 50 1 1000000
24 51 1 1000000
24 52 1 1000000
24 53 1 1000000
24 54 1 1000000
24 55 1 1000000
24 56 1 1000000
24 57 1 1000000
24 58 1 1000000
24 59 1 1000000
24 60 1 1000000
24 61 1 1000000
24 62 1 1000000
24 63 1 1000000
24 64 1 1000000
24 65 1 1000000
24 66 1 1000000
24 67 1 1000000
24 68 1 1000000
24 69 1 1000000
24 70 1 1000000
24 71 1 1000000
24 72 1 1000000
24 73 1 1000000
24 74 1 1000000
24 75 1 1000000
24 76 1 1000000
24 77 1 1000000
24 78 1 1000000
24 79 1 1000000
24 80 1 1000000
24 81 1 1000000
24 82 1 1000000
24 83 1 1000000
24 84 1 1000000
24 85 1 1000000
24 86 1 1000000
24 87 1 1000000
24 88 1 1000000
24 89 1 1000000
24 90 1 1000000
24 91 1 1000000
24 92 1 1000000
24 93 1 1000000
24 94 1 1000000
24 95 1 1000000
24 96 1 1000000
24 97 1 1000000
24 98 1 1000000
24 99 1 1000000
24 100 1 1000000
25 26 1 1000000
25 27 1 1000000
25 28 1 1000000
25 29 1 1000000
25 30 1 1000000
25 31 1 1000000
25 32 1 1000000
25 33 1 1000000
25 34 1 1000000
25 35 1 1000000
25 36 1 1000000
25 37 1 1000000
25 38 1 1000000
25 39 1 1000000
25 40 1 1000000
25 41 1 1000000
25 42 1 1000000
25 43 1 1000000
25 44 1 1000000
25 45 1 1000000
25 46 1 1000000
25 47 1 1000000
25 48 1 1000000
25 49 1 1000000
25 50 1 1000000
25 51 1 1000000
25 52 1 1000000
25 53 1 1000000
25 54 1 1000000
25 55 1 1000000
25 56 1 1000000
25 57 1 1000000
25 58 1 1000000
25 59 1 1000000
25 60 1 1000000
25 61 1 1000000
25 62 1 1000000
25 63 1 1000000
25 64 1 1000000
25 65 1 1000000
25 66 1 1000000
25 67 1 1000000
25 68 1 1000000
25 69 1 1000000
25 70 1 1000000
25 71 1 1000000
25 72 1 1000000
25 73 1 1000000
25 74 1 1000000
25 75 1 1000000
25 76 1 1000000
25 77 1 1000000
25 78 1 1000000
25 79 1 1000000
25 80 1 1000000
25 81 1 1000000
25 82 1 1000000
25 83 1 1000000
25 84 1 1000000
25 85 1 1000000
25 86 1 1000000
25 87 1 1000000
25 88 1 1000000
25 89 1 1000000
25 90 1 1000000
25 91 1 1000000
25 92 1 1000000
25 93 1 1000000
25 94 1 1000000
25 95 1 1000000
25 96 1 1000000
25 97 1 1000000
25 98 1 1000000
25 99 1 1000000
25 100 1 1000000
26 27 1 1000000
26 28 1 1000000
26 29 1 1000000
26 30 1 1000000
26 31 1 1000000
26 32 1 1000000
26 33 1 1000000
26 34 1 1000000
26 35 1 1000000
26 36 1 1000000
26 37 1 1000000
26 38 1 1000000
26 39 1 1000000
26 40 1 1000000
26 41 1 1000000
26 42 1 1000000
26 43 1 1000000
26 44 1 1000000
26 45 1 1000000
26 46 1 1000000
26 47 1 1000000
26 48 1 1000000
26 49 1 1000000
26 50 1 1000000
26 51 1 1000000
26 52 1 1000000
26 53 1 1000000
26 54 1 1000000
26 55 1 1000000
26 56 1 1000000
26 57 1 1000000
26 58 1 1000000
26 59 1 1000000
26 60 1 1000000
26 61 1 1000000
26 62 1 1000000
26 63 1 1000000
26 64 1 1000000
26 65 1 1000000
26 66 1 1000000
26 67 1 1000000
26 68 1 1000000
26 69 1 1000000
26 70 1 1000000
26 71 1 1000000
26 72 1 1000000
26 73 1 1000000
26 74 1 1000000
26 75 1 1000000
26 76 1 1000000
26 77 1 1000000
26 78 1 1000000
26 79 1 1000000
26 80 1 1000000
26 81 1 1000000
26 82 1 1000000
26 83 1 1000000
26 84 1 1000000
26 85 1 1000000
26 86 1 1000000
26 87 1 1000000
26 88 1 1000000
26 89 1 1000000
26 90 1 1000000
26 91 1 1000000
26 92 1 1000000
26 93 1 1000000
26 94 1 1000000
26 95 1 1000000
26 96 1 1000000
26 97 1 1000000
26 98 1 1000000
26 99 1 1000000
26 100 1 1000000
27 28 1 1000000
27 29 1 1000000
27 30 1 1000000
27 31 1 1000000
27 32 1 1000000
27 33 1 1000000
27 34 1 1000000
27 35 1 1000000
27 36 1 1000000
27 37 1 1000000
27 38 1 1000000
27 39 1 1000000
27 40 1 1000000
27 41 1 1000000
27 42 1 1000000
27 43 1 1000000
27 44 1 1000000
27 45 1 1000000
27 46 1 1000000
27 47 1 1000000
27 48 1 1000000
27 49 1 1000000
27 50 1 1000000
27 51 1 1000000
27 52 1 1000000
27 53 1 1000000
27 54 1 1000000
27 55 1 1000000
27 56 1 1000000
27 57 1 1000000
27 58 1 1000000
27 59 1 1000000
27 60 1 1000000
27 61 1 1000000
27 62 1 1000000
27 63 1 1000000
27 64 1 1000000
27 65 1 1000000
27 66 1 1000000
27 67 1 1000000
27 68 1 1000000
27 69 1 1000000
27 70 1 1000000
27 71 1 1000000
27 72 1 1000000
27 73 1 1000000
27 74 1 1000000
27 75 1 1000000
27 76 1 1000000
27 77 1 1000000
27 78 1 1000000
27 79 1 1000000
27 80 1 1000000
27 81 1 1000000
27 82 1 1000000
27 83 1 1000000
27 84 1 1000000
27 85 1 1000000
27 86 1 1000000
27 87 1 1000000
27 88 1 1000000
27 89 1 1000000
27 90 1 1000000
27 91 1 1000000
27 92 1 1000000
27 93 1 1000000
27 94 1 1000000
27 95 1 1000000
27 96 1 1000000
27 97 1 1000000
27 98 1 1000000
27 99 1 1000000
27 100 1 1000000
28 29 1 1000000
28 30 1 1000000
28 31 1 1000000
28 32 1 1000000
28 33 1 1000000
28 34 1 1000000
28 35 1 1000000
28 36 1 1000000
28 37 1 1000000
28 38 1 1000000
28 39 1 1000000
28 40 1 1000000
28 41 1 1000000
28 42 1 1000000
28 43 1 1000000
28 44 1 1000000
28 45 1 1000000
28 46 1 1000000
28 47 1 1000000
28 48 1 1000000
28 49 1 1000000
28 50 1 1000000
28 51 1 1000000
28 52 1 1000000
28 53 1 1000000
28 54 1 1000000
28 55 1 1000000
28 56 1 1000000
28 57 1 1000000
28 58 1 1000000
28 59 1 1000000
28 60 1 1000000
28 61 1 1000000
28 62 1 1000000
28 63 1 1000000
28 64 1 1000000
28 65 1 1000000
28 66 1 1000000
28 67 1 1000000
28 68 1 1000000
28 69 1 1000000
28 70 1 1000000
28 71 1 1000000
28 72 1 1000000
28 73 1 1000000
28 74 1 1000000
28 75 1 1000000
28 76 1 1000000
28 77 1 1000000
28 78 1 1000000
28 79 1 1000000
28 80 1 1000000
28 81 1 1000000
28 82 1 1000000
28 83 1 1000000
28 84 1 1000000
28 85 1 1000000
28 86 1 1000000
28 87 1 1000000
28 88 1 1000000
28 89 1 1000000
28 90 1 1000000
28 91 1 1000000
28 92 1 1000000
28 93 1 1000000
28 94 1 1000000
28 95 1 1000000
28 96 1 1000000
28 97 1 1000000
28 98 1 1000000
28 99 1 1000000
28 100 1 1000000
29 30 1 1000000
29 31 1 1000000
29 32 1 1000000
29 33 1 1000000
29 34 1 1000000
29 35 1 1000000
29 36 1 1000000
29 37 1 1000000
29 38 1 1000000
29 39 1 1000000
29 40 1 1000000
29 41 1 1000000
29 42 1 1000000
29 43 1 1000000
29 44 1 1000000
29 45 1 1000000
29 46 1 1000000
29 47 1 1000000
29 48 1 1000000
29 49 1 1000000
29 50 1 1000000
29 51 1 1000000
29 52 1 1000000
29 53 1 1000000
29 54 1 1000000
29 55 1 1000000
29 56 1 1000000
29 57 1 1000000
29 58 1 1000000
29 59 1 1000000
29 60 1 1000000
29 61 1 1000000
29 62 1 1000000
29 63 1 1000000
29 64 1 1000000
29 65 1 1000000
29 66 1 1000000
29 67 1 1000000
29 68 1 1000000
29 69 1 1000000
29 70 1 1000000
29 71 1 1000000
29 72 1 1000000
29 73 1 1000000
29 74 1 1000000
29 75 1 1000000
29 76 1 1000000
29 77 1 1000000
29 78 1 1000000
29 79 1 1000000
29 80 1 1000000
29 81 1 1000000
29 82 1 1000000
29 83 1 1000000
29 84 1 1000000
29 85 1 1000000
29 86 1 1000000
29 87 1 1000000
29 88 1 1000000
29 89 1 1000000
29 90 1 1000000
29 91 1 1000000
29 92 1 1000000
29 93 1 1000000
29 94 1 1000000
29 95 1 1000000
29 96 1 1000000
29 97 1 1000000
29 98 1 1000000
29 99 1 1000000
29 100 1 1000000
30 31 1 1000000
30 32 1 1000000
30 33 1 1000000
30 34 1 1000000
30 35 1 1000000
30 36 1 1000000
30 37 1 1000000
30 38 1 1000000
30 39 1 1000000
30 40 1 1000000
30 41 1 1000000
30 42 1 1000000
30 43 1 1000000
30 44 1 1000000
30 45 1 1000000
30 46 1 1000000
30 47 1 1000000
30 48 1 1000000
30 49 1 1000000
30 50 1 1000000
30 51 1 1000000
30 52 1 1000000
30 53 1 1000000
30 54 1 1000000
30 55 1 1000000
30 56 1 1000000
30 57 1 1000000
30 58 1 1000000
30 59 1 1000000
30 60 1 1000000
30 61 1 1000000
30 62 1 1000000
30 63 1 1000000
30 64 1 1000000
30 65 1 1000000
30 66 1 1000000
30 67 1 1000000
30 68 1 1000000
30 69 1 1000000
30 70 1 1000000
30 71 1 1000000
30 72 1 1000000
30 73 1 1000000
30 74 1 1000000
30 75 1 1000000
30 76 1 1000000
30 77 1 1000000
30 78 1 1000000
30 79 1 1000000
30 80 1 1000000
30 81 1 1000000
30 82 1 1000000
30 83 1 1000000
30 84 1 1000000
30 85 1 1000000
30 86 1 1000000
30 87 1 1000000
30 88 1 1000000
30 89 1 1000000
30 90 1 1000000
30 91 1 1000000
30 92 1 1000000
30 93 1 1000000
30 94 1 1000000
30 95 1 1000000
30 96 1 1000000
30 97 1 1000000
30 98 1 1000000
30 99 1 1000000
30 100 1 1000000
31 32 1 1000000
31 33 1 1000000
31 34 1 1000000
31 35 1 1000000
31 36 1 1000000
31 37 1 1000000
31 38 1 1000000
31 39 1 1000000
31 40 1 1000000
31 41 1 1000000
31 42 1 1000000
31 43 1 1000000
31 44 1 1000000
31 45 1 1000000
31 46 1 1000000
31 47 1 1000000
31 48 1 1000000
31 49 1 1000000
31 50 1 1000000
31 51 1 1000000
31 52 1 1000000
31 53 1 1000000
31 54 1 1000000
31 55 1 1000000
31 56 1 1000000
31 57 1 1000000
31 58 1 1000000
31 59 1 1000000
31 60 1 1000000
31 61 1 1000000
31 62 1 1000000
31 63 1 1000000
31 64 1 1000000
31 65 1 1000000
31 66 1 1000000
31 67 1 1000000
31 68 1 1000000
31 69 1 1000000
31 70 1 1000000
31 71 1 1000000
31 72 1 1000000
31 73 1 1000000
31 74 1 1000000
31 75 1 1000000
31 76 1 1000000
31 77 1 1000000
31 78 1 1000000
31 79 1 1000000
31 80 1 1000000
31 81 1 1000000
31 82 1 1000000
31 83 1 1000000
31 84 1 1000000
31 85 1 1000000
31 86 1 1000000
31 87 1 1000000
31 88 1 1000000
31 89 1 1000000
31 90 1 1000000
31 91 1 1000000
31 92 1 1000000
31 93 1 1000000
31 94 1 1000000
31 95 1 1000000
31 96 1 1000000
31 97 1 1000000
31 98 1 1000000
31 99 1 1000000
31 100 1 1000000
32 33 1 1000000
32 34 1 1000000
32 35 1 1000000
32 36 1 1000000
32 37 1 1000000
32 38 1 1000000
32 39 1 1000000
32 40 1 1000000
32 41 1 1000000
32 42 1 1000000
32 43 1 1000000
32 44 1 1000000
32 45 1 1000000
32 46 1 1000000
32 47 1 1000000
32 48 1 1000000
32 49 1 1000000
32 50 1 1000000
32 51 1 1000000
32 52 1 1000000
32 53 1 1000000
32 54 1 1000000
32 55 1 1000000
32 56 1 1000000
32 57 1 1000000
32 58 1 1000000
32 59 1 1000000
32 60 1 1000000
32 61 1 1000000
32 62 1 1000000
32 63 1 1000000
32 64 1 1000000
32 65 1 1000000
32 66 1 1000000
32 67 1 1000000
32 68 1 1000000
32 69 1 1000000
32 70 1 1000000
32 71 1 1000000
32 72 1 1000000
32 73 1 1000000
32 74 1 1000000
32 75 1 1000000
32 76 1 1000000
32 77 1 1000000
32 78 1 1000000
32 79 1 1000000
32 80 1 1000000
32 81 1 1000000
32 82 1 1000000
32 83 1 1000000
32 84 1 1000000
32 85 1 1000000
32 86 1 1000000
32 87 1 1000000
32 88 1 1000000
32 89 1 1000000
32 90 1 1000000
32 91 1 1000000
32 92 1 1000000
32 93 1 1000000
32 94 1 1000000
32 95 1 1000000
32 96 1 1000000
32 97 1 1000000
32 98 1 1000000
32 99 1 1000000
32 100 1 1000000
33 34 1 1000000
33 35 1 1000000
33 36 1 1000000
33 37 1 1000000
33 38 1 1000000
33 39 1 1000000
33 40 1 1000000
33 41 1 1000000
33 42 1 1000000
33 43 1 1000000
33 44 1 1000000
33 45 1 1000000
33 46 1 1000000
33 47 1 1000000
33 48 1 1000000
33 49 1 1000000
33 50 1 1000000
33 51 1 1000000
33 52 1 1000000
33 53 1 1000000
33 54 1 1000000
33 55 1 1000000
33 56 1 1000000
33 57 1 1000000
33 58 1 1000000
33 59 1 1000000
33 60 1 1000000
33 61 1 1000000
33 62 1 1000000
33 63 1 1000000
33 64 1 1000000
33 65 1 1000000
33 66 1 1000000
33 67 1 1000000
33 68 1 1000000
33 69 1 1000000
33 70 1 1000000
33 71 1 1000000
33 72 1 1000000
33 73 1 1000000
33 74 1 1000000
33 75 1 1000000
33 76 1 1000000
33 77 1 1000000
33 78 1 1000000
33 79 1 1000000
33 80 1 1000000
33 81 1 1000000
33 82 1 1000000
33 83 1 1000000
33 84 1 1000000
33 85 1 1000000
33 86 1 1000000
33 87 1 1000000
33 88 1 1000000
33 89 1 1000000
33 90 1 1000000
33 91 1 1000000
33 92 1 1000000
33 93 1 1000000
33 94 1 1000000
33 95 1 1000000
33 96 1 1000000
33 97 1 1000000
33 98 1 1000000
33 99 1 1000000
33 100 1 1000000
34 35 1 1000000
34 36 1 1000000
34 37 1 1000000
34 38 1 1000000
34 39 1 1000000
34 40 1 1000000
34 41 1 1000000
34 42 1 1000000
34 43 1 1000000
34 44 1 1000000
34 45 1 1000000
34 46 1 1000000
34 47 1 1000000
34 48 1 1000000
34 49 1 1000000
34 50 1 1000000
34 51 1 1000000
34 52 1 1000000
34 53 1 1000000
34 54 1 1000000
34 55 1 1000000
34 56 1 1000000
34 57 1 1000000
34 58 1 1000000
34 59 1 1000000
34 60 1 1000000
34 61 1 1000000
34 62 1 1000000
34 63 1 1000000
34 64 1 1000000
34 65 1 1000000
34 66 1 1000000
34 67 1 1000000
34 68 1 1000000
34 69 1 1000000
34 70 1 1000000
34 71 1 1000000
34 72 1 1000000
34 73 1 1000000
34 74 1 1000000
34 75 1 1000000
34 76 1 1000000
34 77 1 1000000
34 78 1 1000000
34 79 1 1000000
34 80 1 1000000
34 81 1 1000000
34 82 1 1000000
34 83 1 1000000
34 84 1 1000000
34 85 1 1000000
34 86 1 1000000
34 87 1 1000000
34 88 1 1000000
34 89 1 1000000
34 90 1 1000000
34 91 1 1000000
34 92 1 1000000
34 93 1 1000000
34 94 1 1000000
34 95 1 1000000
34 96 1 1000000
34 97 1 1000000
34 98 1 1000000
34 99 1 1000000
34 100 1 1000000
35 36 1 1000000
35 37 1 1000000
35 38 1 1000000
35 39 1 1000000
35 40 1 1000000
35 41 1 1000000
35 42 1 1000000
35 43 1 1000000
35 44 1 1000000
35 45 1 1000000
35 46 1 1000000
35 47 1 1000000
35 48 1 1000000
35 49 1 1000000
35 50 1 1000000
35 51 1 1000000
35 52 1 1000000
35 53 1 1000000
35 54 1 1000000
35 55 1 1000000
35 56 1 1000000
35 57 1 1000000
35 58 1 1000000
35 59 1 1000000
35 60 1 1000000
35 61 1 1000000
35 62 1 1000000
35 63 1 1000000
35 64 1 1000000
35 65 1 1000000
35 66 1 1000000
35 67 1 1000000
35 68 1 1000000
35 69 1 1000000
35 70 1 1000000
35 71 1 1000000
35 72 1 1000000
35 73 1 1000000
35 74 1 1000000
35 75 1 1000000
35 76 1 1000000
35 77 1 1000000
35 78 1 1000000
35 79 1 1000000
35 80 1 1000000
35 81 1 1000000
35 82 1 1000000
35 83 1 1000000
35 84 1 1000000
35 85 1 1000000
35 86 1 1000000
35 87 1 1000000
35 88 1 1000000
35 89 1 1000000
35 90 1 1000000
35 91 1 1000000
35 92 1 1000000
35 93 1 1000000
35 94 1 1000000
35 95 1 1000000
35 96 1 1000000
35 97 1 1000000
35 98 1 1000000
35 99 1 1000000
35 100 1 1000000
36 37 1 1000000
36 38 1 1000000
36 39 1 1000000
36 40 1 1000000
36 41 1 1000000
36 42 1 1000000
36 43 1 1000000
36 44 1 1000000
36 45 1 1000000
36 46 1 1000000
36 47 1 1000000
36 48 1 1000000
36 49 1 1000000
36 50 1 1000000
36 51 1 1000000
36 52 1 1000000
36 53 1 1000000
36 54 1 1000000
36 55 1 1000000
36 56 1 1000000
36 57 1 1000000
36 58 1 1000000
36 59 1 1000000
36 60 1 1000000
36 61 1 1000000
36 62 1 1000000
36 63 1 1000000
36 64 1 1000000
36 65 1 1000000
36 66 1 1000000
36 67 1 1000000
36 68 1 1000000
36 69 1 1000000
36 70 1 1000000
36 71 1 1000000
36 72 1 1000000
36 73 1 1000000
36 74 1 1000000
36 75 1 1000000
36 76 1 1000000
36 77 1 1000000
36 78 1 1000000
36 79 1 1000000
36 80 1 1000000
36 81 1 1000000
36 82 1 1000000
36 83 1 1000000
36 84 1 1000000
36 85 1 1000000
36 86 1 1000000
36 87 1 1000000
36 88 1 1000000
36 89 1 1000000
36 90 1 1000000
36 91 1 1000000
36 92 1 1000000
36 93 1 1000000
36 94 1 1000000
36 95 1 1000000
36 96 1 1000000
36 97 1 1000000
36 98 1 1000000
36 99 1 1000000
36 100 1 1000000
37 38 1 1000000
37 39 1 1000000
37 40 1 1000000
37 41 1 1000000
37 42 1 1000000
37 43 1 1000000
37 44 1 1000000
37 45 1 1000000
37 46 1 1000000
37 47 1 1000000
37 48 1 1000000
37 49 1 1000000
37 50 1 1000000
37 51 1 1000000
37 52 1 1000000
37 53 1 1000000
37 54 1 1000000
37 55 1 1000000
37 56 1 1000000
37 57 1 1000000
37 58 1 1000000
37 59 1 1000000
37 60 1 1000000
37 61 1 1000000
37 62 1 1000000
37 63 1 1000000
37 64 1 1000000
37 65 1 1000000
37 66 1 1000000
37 67 1 1000000
37 68 1 1000000
37 69 1 1000000
37 70 1 1000000
37 71 1 1000000
37 72 1 1000000
37 73 1 1000000
37 74 1 1000000
37 75 1 1000000
37 76 1 1000000
37 77 1 1000000
37 78 1 1000000
37 79 1 1000000
37 80 1 1000000
37 81 1 1000000
37 82 1 1000000
37 83 1 1000000
37 84 1 1000000
37 85 1 1000000
37 86 1 1000000
37 87 1 1000000
37 88 1 1000000
37 89 1 1000000
37 90 1 1000000
37 91 1 1000000
37 92 1 1000000
37 93 1 1000000
37 94 1 1000000
37 95 1 1000000
37 96 1 1000000
37 97 1 1000000
37 98 1 1000000
37 99 1 1000000
37 100 1 1000000
38 39 1 1000000
38 40 1 1000000
38 41 1 1000000
38 42 1 1000000
38 43 1 1000000
38 44 1 1000000
38 45 1 1000000
38 46 1 1000000
38 47 1 1000000
38 48 1 1000000
38 49 1 1000000
38 50 1 1000000
38 51 1 1000000
38 52 1 1000000
38 53 1 1000000
38 54 1 1000000
38 55 1 1000000
38 56 1 1000000
38 57 1 1000000
38 58 1 1000000
38 59 1 1000000
38 60 1 1000000
38 61 1 1000000
38 62 1 1000000
38 63 1 1000000
38 64 1 1000000
38 65 1 1000000
38 66 1 1000000
38 67 1 1000000
38 68 1 1000000
38 69 1 1000000
38 70 1 1000000
38 71 1 1000000
38 72 1 1000000
38 73 1 1000000
38 74 1 1000000
38 75 1 1000000
38 76 1 1000000
38 77 1 1000000
38 78 1 1000000
38 79 1 1000000
38 80 1 1000000
38 81 1 1000000
38 82 1 1000000
38 83 1 1000000
38 84 1 1000000
38 85 1 1000000
38 86 1 1000000
38 87 1 1000000
38 88 1 1000000
38 89 1 1000000
38 90 1 1000000
38 91 1 1000000
38 92 1 1000000
38 93 1 1000000
38 94 1 1000000
38 95 1 1000000
38 96 1 1000000
38 97 1 1000000
38 98 1 1000000
38 99 1 1000000
38 100 1 1000000
39 40 1 1000000
39 41 1 1000000
39 42 1 1000000
39 43 1 1000000
39 44 1 1000000
39 45 1 1000000
39 46 1 1000000
39 47 1 1000000
39 48 1 1000000
39 49 1 1000000
39 50 1 1000000
39 51 1 1000000
39 52 1 1000000
39 53 1 1000000
39 54 1 1000000
39 55 1 1000000
39 56 1 1000000
39 57 1 1000000
39 58 1 1000000
39 59 1 1000000
39 60 1 1000000
39 61 1 1000000
39 62 1 1000000
39 63 1 1000000
39 64 1 1000000
39 65 1 1000000
39 66 1 1000000
39 67 1 1000000
39 68 1 1000000
39 69 1 1000000
39 70 1 1000000
39 71 1 1000000
39 72 1 1000000
39 73 1 1000000
39 74 1 1000000
39 75 1 1000000
39 76 1 1000000
39 77 1 1000000
39 78 1 1000000
39 79 1 1000000
39 80 1 1000000
39 81 1 1000000
39 82 1 1000000
39 83 1 1000000
39 84 1 1000000
39 85 1 1000000
39 86 1 1000000
39 87 1 1000000
39 88 1 1000000
39 89 1 1000000
39 90 1 1000000
39 91 1 1000000
39 92 1 1000000
39 93 1 1000000
39 94 1 1000000
39 95 1 1000000
39 96 1 1000000
39 97 1 1000000
39 98 1 1000000
39 99 1 1000000
39 100 1 1000000
40 41 1 1000000
40 42 1 1000000
40 43 1 1000000
40 44 1 1000000
40 45 1 1000000
40 46 1 1000000
40 47 1 1000000
40 48 1 1000000
40 49 1 1000000
40 50 1 1000000
40 51 1 1000000
40 52 1 1000000
40 53 1 1000000
40 54 1 1000000
40 55 1 1000000
40 56 1 1000000
40 57 1 1000000
40 58 1 1000000
40 59 1 1000000
40 60 1 1000000
40 61 1 1000000
40 62 1 1000000
40 63 1 1000000
40 64 1 1000000
40 65 1 1000000
40 66 1 1000000
40 67 1 1000000
40 68 1 1000000
40 69 1 1000000
40 70 1 1000000
40 71 1 1000000
40 72 1 1000000
40 73 1 1000000
40 74 1 1000000
40 75 1 1000000
40 76 1 1000000
40 77 1 1000000
40 78 1 1000000
40 79 1 1000000
40 80 1 1000000
40 81 1 1000000
40 82 1 1000000
40 83 1 1000000
40 84 1 1000000
40 85 1 1000000
40 86 1 1000000
40 87 1 1000000
40 88 1 1000000
40 89 1 1000000
40 90 1 1000000
40 91 1 1000000
40 92 1 1000000
40 93 1 1000000
40 94 1 1000000
40 95 1 1000000
40 96 1 1000000
40 97 1 1000000
40 98 1 1000000
40 99 1 1000000
40 100 1 1000000
41 42 1 1000000
41 43 1 1000000
41 44 1 1000000
41 45 1 1000000
41 46 1 1000000
41 47 1 1000000
41 48 1 1000000
41 49 1 1000000
41 50 1 1000000
41 51 1 1000000
41 52 1 1000000
41 53 1 1000000
41 54 1 1000000
41 55 1 1000000
41 56 1 1000000
41 57 1 1000000
41 58 1 1000000
41 59 1 1000000
41 60 1 1000000
41 61 1 1000000
41 62 1 1000000
41 63 1 1000000
41 64 1 1000000
41 65 1 1000000
41 66 1 1000000
41 67 1 1000000
41 68 1 1000000
41 69 1 1000000
41 70 1 1000000
41 71 1 1000000
41 72 1 1000000
41 73 1 1000000
41 74 1 1000000
41 75 1 1000000
41 76 1 1000000
41 77 1 1000000
41 78 1 1000000
41 79 1 1000000
41 80 1 1000000
41 81 1 1000000
41 82 1 1000000
41 83 1 1000000
41 84 1 1000000
41 85 1 1000000
41 86 1 1000000
41 87 1 1000000
41 88 1 1000000
41 89 1 1000000
41 90 1 1000000
41 91 1 1000000
41 92 1 1000000
41 93 1 1000000
41 94 1 1000000
41 95 1 1000000
41 96 1 1000000
41 97 1 1000000
41 98 1 1000000
41 99 1 1000000
41 100 1 1000000
42 43 1 1000000
42 44 1 1000000
42 45 1 1000000
42 46 1 1000000
42 47 1 1000000
42 48 1 1000000
42 49 1 1000000
42 50 1 1000000
42 51 1 1000000
42 52 1 1000000
42 53 1 1000000
42 54 1 1000000
42 55 1 1000000
42 56 1 1000000
42 57 1 1000000
42 58 1 1000000
42 59 1 1000000
42 60 1 1000000
42 61 1 1000000
42 62 1 1000000
42 63 1 1000000
42 64 1 1000000
42 65 1 1000000
42 66 1 1000000
42 67 1 1000000
42 68 1 1000000
42 69 1 1000000
42 70 1 1000000
42 71 1 1000000
42 72 1 1000000
42 73 1 1000000
42 74 1 1000000
42 75 1 1000000
42 76 1 1000000
42 77 1 1000000
42 78 1 1000000
42 79 1 1000000
42 80 1 1000000
42 81 1 1000000
42 82 1 1000000
42 83 1 1000000
42 84 1 1000000
42 85 1 1000000
42 86 1 1000000
42 87 1 1000000
42 88 1 1000000
42 89 1 1000000
42 90 1 1000000
42 91 1 1000000
42 92 1 1000000
42 93 1 1000000
42 94 1 1000000
42 95 1 1000000
42 96 1 1000000
42 97 1 1000000
42 98 1 1000000
42 99 1 1000000
42 100 1 1000000
43 44 1 1000000
43 45 1 1000000
43 46 1 1000000
43 47 1 1000000
43 48 1 1000000
43 49 1 1000000
43 50 1 1000000
43 51 1 1000000
43 52 1 1000000
43 53 1 1000000
43 54 1 1000000
43 55 1 1000000
43 56 1 1000000
43 57 1 1000000
43 58 1 1000000
43 59 1 1000000
43 60 1 1000000
43 61 1 1000000
43 62 1 1000000
43 63 1 1000000
43 64 1 1000000
43 65 1 1000000
43 66 1 1000000
43 67 1 1000000
43 68 1 1000000
43 69 1 1000000
43 70 1 1000000
43 71 1 1000000
43 72 1 1000000
43 73 1 1000000
43 74 1 1000000
43 75 1 1000000
43 76 1 1000000
43 77 1 1000000
43 78 1 1000000
43 79 1 1000000
43 80 1 1000000
43 81 1 1000000
43 82 1 1000000
43 83 1 1000000
43 84 1 1000000
43 85 1 1000000
43 86 1 1000000
43 87 1 1000000
43 88 1 1000000
43 89 1 1000000
43 90 1 1000000
43 91 1 1000000
43 92 1 1000000
43 93 1 1000000
43 94 1 1000000
43 95 1 1000000
43 96 1 1000000
43 97 1 1000000
43 98 1 1000000
43 99 1 1000000
43 100 1 1000000
44 45 1 1000000
44 46 1 1000000
44 47 1 1000000
44 48 1 1000000
44 49 1 1000000
44 50 1 1000000
44 51 1 1000000
44 52 1 1000000
44 53 1 1000000
44 54 1 1000000
44 55 1 1000000
44 56 1 1000000
44 57 1 1000000
44 58 1 1000000
44 59 1 1000000
44 60 1 1000000
44 61 1 1000000
44 62 1 1000000
44 63 1 1000000
44 64 1 1000000
44 65 1 1000000
44 66 1 1000000
44 67 1 1000000
44 68 1 1000000
44 69 1 1000000
44 70 1 1000000
44 71 1 1000000
44 72 1 1000000
44 73 1 1000000
44 74 1 1000000
44 75 1 1000000
44 76 1 1000000
44 77 1 1000000
44 78 1 1000000
44 79 1 1000000
44 80 1 1000000
44 81 1 1000000
44 82 1 1000000
44 83 1 1000000
44 84 1 1000000
44 85 1 1000000
44 86 1 1000000
44 87 1 1000000
44 88 1 1000000
44 89 1 1000000
44 90 1 1000000
44 91 1 1000000
44 92 1 1000000
44 93 1 1000000
44 94 1 1000000
44 95 1 1000000
44 96 1 1000000
44 97 1 1000000
44 98 1 1000000
44 99 1 1000000
44 100 1 1000000
45 46 1 1000000
45 47 1 1000000
45 48 1 1000000
45 49 1 1000000
45 50 1 1000000
45 51 1 1000000
45 52 1 1000000
45 53 1 1000000
45 54 1 1000000
45 55 1 1000000
45 56 1 1000000
45 57 1 1000000
45 58 1 1000000
45 59 1 1000000
45 60 1 1000000
45 61 1 1000000
45 62 1 1000000
45 63 1 1000000
45 64 1 1000000
45 65 1 1000000
45 66 1 1000000
45 67 1 1000000
45 68 1 1000000
45 69 1 1000000
45 70 1 1000000
45 71 1 1000000
45 72 1 1000000
45 73 1 1000000
45 74 1 1000000
45 75 1 1000000
45 76 1 1000000
45 77 1 1000000
45 78 1 1000000
45 79 1 1000000
45 80 1 1000000
45 81 1 1000000
45 82 1 1000000
45 83 1 1000000
45 84 1 1000000
45 85 1 1000000
45 86 1 1000000
45 87 1 1000000
45 88 1 1000000
45 89 1 1000000
45 90 1 1000000
45 91 1 1000000
45 92 1 1000000
45 93 1 1000000
45 94 1 1000000
45 95 1 1000000
45 96 1 1000000
45 97 1 1000000
45 98 1 1000000
45 99 1 1000000
45 100 1 1000000
46 47 1 1000000
46 48 1 1000000
46 49 1 1000000
46 50 1 1000000
46 51 1 1000000
46 52 1 1000000
46 53 1 1000000
46 54 1 1000000
46 55 1 1000000
46 56 1 1000000
46 57 1 1000000
46 58 1 1000000
46 59 1 1000000
46 60 1 1000000
46 61 1 1000000
46 62 1 1000000
46 63 1 1000000
46 64 1 1000000
46 65 1 1000000
46 66 1 1000000
46 67 1 1000000
46 68 1 1000000
46 69 1 1000000
46 70 1 1000000
46 71 1 1000000
46 72 1 1000000
46 73 1 1000000
46 74 1 1000000
46 75 1 1000000
46 76 1 1000000
46 77 1 1000000
46 78 1 1000000
46 79 1 1000000
46 80 1 1000000
46 81 1 1000000
46 82 1 1000000
46 83 1 1000000
46 84 1 1000000
46 85 1 1000000
46 86 1 1000000
46 87 1 1000000
46 88 1 1000000
46 89 1 1000000
46 90 1 1000000
46 91 1 1000000
46 92 1 1000000
46 93 1 1000000
46 94 1 1000000
46 95 1 1000000
46 96 1 1000000
46 97 1 1000000
46 98 1 1000000
46 99 1 1000000
46 100 1 1000000
47 48 1 1000000
47 49 1 1000000
47 50 1 1000000
47 51 1 1000000
47 52 1 1000000
47 53 1 1000000
47 54 1 1000000
47 55 1 1000000
47 56 1 1000000
47 57 1 1000000
47 58 1 1000000
47 59 1 1000000
47 60 1 1000000
47 61 1 1000000
47 62 1 1000000
47 63 1 1000000
47 64 1 1000000
47 65 1 1000000
47 66 1 1000000
47 67 1 1000000
47 68 1 1000000
47 69 1 1000000
47 70 1 1000000
47 71 1 1000000
47 72 1 1000000
47 73 1 1000000
47 74 1 1000000
47 75 1 1000000
47 76 1 1000000
47 77 1 1000000
47 78 1 1000000
47 79 1 1000000
47 80 1 1000000
47 81 1 1000000
47 82 1 1000000
47 83 1 1000000
47 84 1 1000000
47 85 1 1000000
47 86 1 1000000
47 87 1 1000000
47 88 1 1000000
47 89 1 1000000
47 90 1 1000000
47 91 1 1000000
47 92 1 1000000
47 93 1 1000000
47 94 1 1000000
47 95 1 1000000
47 96 1 1000000
47 97 1 1000000
47 98 1 1000000
47 99 1 1000000
47 100 1 1000000
48 49 1 1000000
48 50 1 1000000
48 51 1 1000000
48 52 1 1000000
48 53 1 1000000
48 54 1 1000000
48 55 1 1000000
48 56 1 1000000
48 57 1 1000000
48 58 1 1000000
48 59 1 1000000
48 60 1 1000000
48 61 1 1000000
48 62 1 1000000
48 63 1 1000000
48 64 1 1000000
48 65 1 1000000
48 66 1 1000000
48 67 1 1000000
48 68 1 1000000
48 69 1 1000000
48 70 1 1000000
48 71 1 1000000
48 72 1 1000000
48 73 1 1000000
48 74 1 1000000
48 75 1 1000000
48 76 1 1000000
48 77 1 1000000
48 78 1 1000000
48 79 1 1000000
48 80 1 1000000
48 81 1 1000000
48 82 1 1000000
48 83 1 1000000
48 84 1 1000000
48 85 1 1000000
48 86 1 1000000
48 87 1 1000000
48 88 1 1000000
48 89 1 1000000
48 90 1 1000000
48 91 1 1000000
48 92 1 1000000
48 93 1 1000000
48 94 1 1000000
48 95 1 1000000
48 96 1 1000000
48 97 1 1000000
48 98 1 1000000
48 99 1 1000000
48 100 1 1000000
49 50 1 1000000
49 51 1 1000000
49 52 1 1000000
49 53 1 1000000
49 54 1 1000000
49 55 1 1000000
49 56 1 1000000
49 57 1 1000000
49 58 1 1000000
49 59 1 1000000
49 60 1 1000000
49 61 1 1000000
49 62 1 1000000
49 63 1 1000000
49 64 1 1000000
49 65 1 1000000
49 66 1 1000000
49 67 1 1000000
49 68 1 1000000
49 69 1 1000000
49 70 1 1000000
49 71 1 1000000
49 72 1 1000000
49 73 1 1000000
49 74 1 1000000
49 75 1 1000000
49 76 1 1000000
49 77 1 1000000
49 78 1 1000000
49 79 1 1000000
49 80 1 1000000
49 81 1 1000000
49 82 1 1000000
49 83 1 1000000
49 84 1 1000000
49 85 1 1000000
49 86 1 1000000
49 87 1 1000000
49 88 1 1000000
49 89 1 1000000
49 90 1 1000000
49 91 1 1000000
49 92 1 1000000
49 93 1 1000000
49 94 1 1000000
49 95 1 1000000
49 96 1 1000000
49 97 1 1000000
49 98 1 1000000
49 99 1 1000000
49 100 1 1000000
50 51 1 1000000
50 52 1 1000000
50 53 1 1000000
50 54 1 1000000
50 55 1 1000000
50 56 1 1000000
50 57 1 1000000
50 58 1 1000000
50 59 1 1000000
50 60 1 1000000
50 61 1 1000000
50 62 1 1000000
50 63 1 1000000
50 64 1 1000000
50 65 1 1000000
50 66 1 1000000
50 67 1 1000000
50 68 1 1000000
50 69 1 1000000
50 70 1 1000000
50 71 1 1000000
50 72 1 1000000
50 73 1 1000000
50 74 1 1000000
50 75 1 1000000
50 76 1 1000000
50 77 1 1000000
50 78 1 1000000
50 79 1 1000000
50 80 1 1000000
50 81 1 1000000
50 82 1 1000000
50 83 1 1000000
50 84 1 1000000
50 85 1 1000000
50 86 1 1000000
50 87 1 1000000
50 88 1 1000000
50 89 1 1000000
50 90 1 1000000
50 91 1 1000000
50 92 1 1000000
50 93 1 1000000
50 94 1 1000000
50 95 1 1000000
50 96 1 1000000
50 97 1 1000000
50 98 1 1000000
50 99 1 1000000
50 100 1 1000000
51 52 1 1000000
51 53 1 1000000
51 54 1 1000000
51 55 1 1000000
51 56 1 1000000
51 57 1 1000000
51 58 1 1000000
51 59 1 1000000
51 60 1 1000000
51 61 1 1000000
51 62 1 1000000
51 63 1 1000000
51 64 1 1000000
51 65 1 1000000
51 66 1 1000000
51 67 1 1000000
51 68 1 1000000
51 69 1 1000000
51 70 1 1000000
51 71 1 1000000
51 72 1 1000000
51 73 1 1000000
51 74 1 1000000
51 75 1 1000000
51 76 1 1000000
51 77 1 1000000
51 78 1 1000000
51 79 1 1000000
51 80 1 1000000
51 81 1 1000000
51 82 1 1000000
51 83 1 1000000
51 84 1 1000000
51 85 1 1000000
51 86 1 1000000
51 87 1 1000000
51 88 1 1000000
51 89 1 1000000
51 90 1 1000000
51 91 1 1000000
51 92 1 1000000
51 93 1 1000000
51 94 1 1000000
51 95 1 1000000
51 96 1 1000000
51 97 1 1000000
51 98 1 1000000
51 99 1 1000000
51 100 1 1000000
52 53 1 1000000
52 54 1 1000000
52 55 1 1000000
52 56 1 1000000
52 57 1 1000000
52 58 1 1000000
52 59 1 1000000
52 60 1 1000000
52 61 1 1000000
52 62 1 1000000
52 63 1 1000000
52 64 1 1000000
52 65 1 1000000
52 66 1 1000000
52 67 1 1000000
52 68 1 1000000
52 69 1 1000000
52 70 1 1000000
52 71 1 1000000
52 72 1 1000000
52 73 1 1000000
52 74 1 1000000
52 75 1 1000000
52 76 1 1000000
52 77 1 1000000
52 78 1 1000000
52 79 1 1000000
52 80 1 1000000
52 81 1 1000000
52 82 1 1000000
52 83 1 1000000
52 84 1 1000000
52 85 1 1000000
52 86 1 1000000
52 87 1 1000000
52 88 1 1000000
52 89 1 1000000
52 90 1 1000000
52 91 1 1000000
52 92 1 1000000
52 93 1 1000000
52 94 1 1000000
52 95 1 1000000
52 96 1 1000000
52 97 1 1000000
52 98 1 1000000
52 99 1 1000000
52 100 1 1000000
53 54 1 1000000
53 55 1 1000000
53 56 1 1000000
53 57 1 1000000
53 58 1 1000000
53 59 1 1000000
53 60 1 1000000
53 61 1 1000000
53 62 1 1000000
53 63 1 1000000
53 64 1 1000000
53 65 1 1000000
53 66 1 1000000
53 67 1 1000000
53 68 1 1000000
53 69 1 1000000
53 70 1 1000000
53 71 1 1000000
53 72 1 1000000
53 73 1 1000000
53 74 1 1000000
53 75 1 1000000
53 76 1 1000000
53 77 1 1000000
53 78 1 1000000
53 79 1 1000000
53 80 1 1000000
53 81 1 1000000
53 82 1 1000000
53 83 1 1000000
53 84 1 1000000
53 85 1 1000000
53 86 1 1000000
53 87 1 1000000
53 88 1 1000000
53 89 1 1000000
53 90 1 1000000
53 91 1 1000000
53 92 1 1000000
53 93 1 1000000
53 94 1 1000000
53 95 1 1000000
53 96 1 1000000
53 97 1 1000000
53 98 1 1000000
53 99 1 1000000
53 100 1 1000000
54 55 1 1000000
54 56 1 1000000
54 57 1 1000000
54 58 1 1000000
54 59 1 1000000
54 60 1 1000000
54 61 1 1000000
54 62 1 1000000
54 63 1 1000000
54 64 1 1000000
54 65 1 1000000
54 66 1 1000000
54 67 1 1000000
54 68 1 1000000
54 69 1 1000000
54 70 1 1000000
54 71 1 1000000
54 72 1 1000000
54 73 1 1000000
54 74 1 1000000
54 75 1 1000000
54 76 1 1000000
54 77 1 1000000
54 78 1 1000000
54 79 1 1000000
54 80 1 1000000
54 81 1 1000000
54 82 1 1000000
54 83 1 1000000
54 84 1 1000000
54 85 1 1000000
54 86 1 1000000
54 87 1 1000000
54 88 1 1000000
54 89 1 1000000
54 90 1 1000000
54 91 1 1000000
54 92 1 1000000
54 93 1 1000000
54 94 1 1000000
54 95 1 1000000
54 96 1 1000000
54 97 1 1000000
54 98 1 1000000
54 99 1 1000000
54 100 1 1000000
55 56 1 1000000
55 57 1 1000000
55 58 1 1000000
55 59 1 1000000
55 60 1 1000000
55 61 1 1000000
55 62 1 1000000
55 63 1 1000000
55 64 1 1000000
55 65 1 1000000
55 66 1 1000000
55 67 1 1000000
55 68 1 1000000
55 69 1 1000000
55 70 1 1000000
55 71 1 1000000
55 72 1 1000000
55 73 1 1000000
55 74 1 1000000
55 75 1 1000000
55 76 1 1000000
55 77 1 1000000
55 78 1 1000000
55 79 1 1000000
55 80 1 1000000
55 81 1 1000000
55 82 1 1000000
55 83 1 1000000
55 84 1 1000000
55 85 1 1000000
55 86 1 1000000
55 87 1 1000000
55 88 1 1000000
55 89 1 1000000
55 90 1 1000000
55 91 1 1000000
55 92 1 1000000
55 93 1 1000000
55 94 1 1000000
55 95 1 1000000
55 96 1 1000000
55 97 1 1000000
55 98 1 1000000
55 99 1 1000000
55 100 1 1000000
56 57 1 1000000
56 58 1 1000000
56 59 1 1000000
56 60 1 1000000
56 61 1 1000000
56 62 1 1000000
56 63 1 1000000
56 64 1 1000000
56 65 1 1000000
56 66 1 1000000
56 67 1 1000000
56 68 1 1000000
56 69 1 1000000
56 70 1 1000000
56 71 1 1000000
56 72 1 1000000
56 73 1 1000000
56 74 1 1000000
56 75 1 1000000
56 76 1 1000000
56 77 1 1000000
56 78 1 1000000
56 79 1 1000000
56 80 1 1000000
56 81 1 1000000
56 82 1 1000000
56 83 1 1000000
56 84 1 1000000
56 85 1 1000000
56 86 1 1000000
56 87 1 1000000
56 88 1 1000000
56 89 1 1000000
56 90 1 1000000
56 91 1 1000000
56 92 1 1000000
56 93 1 1000000
56 94 1 1000000
56 95 1 1000000
56 96 1 1000000
56 97 1 1000000
56 98 1 1000000
56 99 1 1000000
56 100 1 1000000
57 58 1 1000000
57 59 1 1000000
57 60 1 1000000
57 61 1 1000000
57 62 1 1000000
57 63 1 1000000
57 64 1 1000000
57 65 1 1000000
57 66 1 1000000
57 67 1 1000000
57 68 1 1000000
57 69 1 1000000
57 70 1 1000000
57 71 1 1000000
57 72 1 1000000
57 73 1 1000000
57 74 1 1000000
57 75 1 1000000
57 76 1 1000000
57 77 1 1000000
57 78 1 1000000
57 79 1 1000000
57 80 1 1000000
57 81 1 1000000
57 82 1 1000000
57 83 1 1000000
57 84 1 1000000
57 85 1 1000000
57 86 1 1000000
57 87 1 1000000
57 88 1 1000000
57 89 1 1000000
57 90 1 1000000
57 91 1 1000000
57 92 1 1000000
57 93 1 1000000
57 94 1 1000000
57 95 1 1000000
57 96 1 1000000
57 97 1 1000000
57 98 1 1000000
57 99 1 1000000
57 100 1 1000000
58 59 1 1000000
58 60 1 1000000
58 61 1 1000000
58 62 1 1000000
58 63 1 1000000
58 64 1 1000000
58 65 1 1000000
58 66 1 1000000
58 67 1 1000000
58 68 1 1000000
58 69 1 1000000
58 70 1 1000000
58 71 1 1000000
58 72 1 1000000
58 73 1 1000000
58 74 1 1000000
58 75 1 1000000
58 76 1 1000000
58 77 1 1000000
58 78 1 1000000
58 79 1 1000000
58 80 1 1000000
58 81 1 1000000
58 82 1 1000000
58 83 1 1000000
58 84 1 1000000
58 85 1 1000000
58 86 1 1000000
58 87 1 1000000
58 88 1 1000000
58 89 1 1000000
58 90 1 1000000
58 91 1 1000000
58 92 1 1000000
58 93 1 1000000
58 94 1 1000000
58 95 1 1000000
58 96 1 1000000
58 97 1 1000000
58 98 1 1000000
58 99 1 1000000
58 100 1 1000000
59 60 1 1000000
59 61 1 1000000
59 62 1 1000000
59 63 1 1000000
59 64 1 1000000
59 65 1 1000000
59 66 1 1000000
59 67 1 1000000
59 68 1 1000000
59 69 1 1000000
59 70 1 1000000
59 71 1 1000000
59 72 1 1000000
59 73 1 1000000
59 74 1 1000000
59 75 1 1000000
59 76 1 1000000
59 77 1 1000000
59 78 1 1000000
59 79 1 1000000
59 80 1 1000000
59 81 1 1000000
59 82 1 1000000
59 83 1 1000000
59 84 1 1000000
59 85 1 1000000
59 86 1 1000000
59 87 1 1000000
59 88 1 1000000
59 89 1 1000000
59 90 1 1000000
59 91 1 1000000
59 92 1 1000000
59 93 1 1000000
59 94 1 1000000
59 95 1 1000000
59 96 1 1000000
59 97 1 1000000
59 98 1 1000000
59 99 1 1000000
59 100 1 1000000
60 61 1 1000000
60 62 1 1000000
60 63 1 1000000
60 64 1 1000000
60 65 1 1000000
60 66 1 1000000
60 67 1 1000000
60 68 1 1000000
60 69 1 1000000
60 70 1 1000000
60 71 1 1000000
60 72 1 1000000
60 73 1 1000000
60 74 1 1000000
60 75 1 1000000
60 76 1 1000000
60 77 1 1000000
60 78 1 1000000
60 79 1 1000000
60 80 1 1000000
60 81 1 1000000
60 82 1 1000000
60 83 1 1000000
60 84 1 1000000
60 85 1 1000000
60 86 1 1000000
60 87 1 1000000
60 88 1 1000000
60 89 1 1000000
60 90 1 1000000
60 91 1 1000000
60 92 1 1000000
60 93 1 1000000
60 94 1 1000000
60 95 1 1000000
60 96 1 1000000
60 97 1 1000000
60 98 1 1000000
60 99 1 1000000
60 100 1 1000000
61 62 1 1000000
61 63 1 1000000
61 64 1 1000000
61 65 1 1000000
61 66 1 1000000
61 67 1 1000000
61 68 1 1000000
61 69 1 1000000
61 70 1 1000000
61 71 1 1000000
61 72 1 1000000
61 73 1 1000000
61 74 1 1000000
61 75 1 1000000
61 76 1 1000000
61 77 1 1000000
61 78 1 1000000
61 79 1 1000000
61 80 1 1000000
61 81 1 1000000
61 82 1 1000000
61 83 1 1000000
61 84 1 1000000
61 85 1 1000000
61 86 1 1000000
61 87 1 1000000
61 88 1 1000000
61 89 1 1000000
61 90 1 1000000
61 91 1 1000000
61 92 1 1000000
61 93 1 1000000
61 94 1 1000000
61 95 1 1000000
61 96 1 1000000
61 97 1 1000000
61 98 1 1000000
61 99 1 1000000
61 100 1 1000000
62 63 1 1000000
62 64 1 1000000
62 65 1 1000000
62 66 1 1000000
62 67 1 1000000
62 68 1 1000000
62 69 1 1000000
62 70 1 1000000
62 71 1 1000000
62 72 1 1000000
62 73 1 1000000
62 74 1 1000000
62 75 1 1000000
62 76 1 1000000
62 77 1 1000000
62 78 1 1000000
62 79 1 1000000
62 80 1 1000000
62 81 1 1000000
62 82 1 1000000
62 83 1 1000000
62 84 1 1000000
62 85 1 1000000
62 86 1 1000000
62 87 1 1000000
62 88 1 1000000
62 89 1 1000000
62 90 1 1000000
62 91 1 1000000
62 92 1 1000000
62 93 1 1000000
62 94 1 1000000
62 95 1 1000000
62 96 1 1000000
62 97 1 1000000
62 98 1 1000000
62 99 1 1000000
62 100 1 1000000
63 64 1 1000000
63 65 1 1000000
63 66 1 1000000
63 67 1 1000000
63 68 1 1000000
63 69 1 1000000
63 70 1 1000000
63 71 1 1000000
63 72 1 1000000
63 73 1 1000000
63 74 1 1000000
63 75 1 1000000
63 76 1 1000000
63 77 1 1000000
63 78 1 1000000
63 79 1 1000000
63 80 1 1000000
63 81 1 1000000
63 82 1 1000000
63 83 1 1000000
63 84 1 1000000
63 85 1 1000000
63 86 1 1000000
63 87 1 1000000
63 88 1 1000000
63 89 1 1000000
63 90 1 1000000
63 91 1 1000000
63 92 1 1000000
63 93 1 1000000
63 94 1 1000000
63 95 1 1000000
63 96 1 1000000
63 97 1 1000000
63 98 1 1000000
63 99 1 1000000
63 100 1 1000000
64 65 1 1000000
64 66 1 1000000
64 67 1 1000000
64 68 1 1000000
64 69 1 1000000
64 70 1 1000000
64 71 1 1000000
64 72 1 1000000
64 73 1 1000000
64 74 1 1000000
64 75 1 1000000
64 76 1 1000000
64 77 1 1000000
64 78 1 1000000
64 79 1 1000000
64 80 1 1000000
64 81 1 1000000
64 82 1 1000000
64 83 1 1000000
64 84 1 1000000
64 85 1 1000000
64 86 1 1000000
64 87 1 1000000
64 88 1 1000000
64 89 1 1000000
64 90 1 1000000
64 91 1 1000000
64 92 1 1000000
64 93 1 1000000
64 94 1 1000000
64 95 1 1000000
64 96 1 1000000
64 97 1 1000000
64 98 1 1000000
64 99 1 1000000
64 100 1 1000000
65 66 1 1000000
65 67 1 1000000
65 68 1 1000000
65 69 1 1000000
65 70 1 1000000
65 71 1 1000000
65 72 1 1000000
65 73 1 1000000
65 74 1 1000000
65 75 1 1000000
65 76 1 1000000
65 77 1 1000000
65 78 1 1000000
65 79 1 1000000
65 80 1 1000000
65 81 1 1000000
65 82 1 1000000
65 83 1 1000000
65 84 1 1000000
65 85 1 1000000
65 86 1 1000000
65 87 1 1000000
65 88 1 1000000
65 89 1 1000000
65 90 1 1000000
65 91 1 1000000
65 92 1 1000000
65 93 1 1000000
65 94 1 1000000
65 95 1 1000000
65 96 1 1000000
65 97 1 1000000
65 98 1 1000000
65 99 1 1000000
65 100 1 1000000
66 67 1 1000000
66 68 1 1000000
66 69 1 1000000
66 70 1 1000000
66 71 1 1000000
66 72 1 1000000
66 73 1 1000000
66 74 1 1000000
66 75 1 1000000
66 76 1 1000000
66 77 1 1000000
66 78 1 1000000
66 79 1 1000000
66 80 1 1000000
66 81 1 1000000
66 82 1 1000000
66 83 1 1000000
66 84 1 1000000
66 85 1 1000000
66 86 1 1000000
66 87 1 1000000
66 88 1 1000000
66 89 1 1000000
66 90 1 1000000
66 91 1 1000000
66 92 1 1000000
66 93 1 1000000
66 94 1 1000000
66 95 1 1000000
66 96 1 1000000
66 97 1 1000000
66 98 1 1000000
66 99 1 1000000
66 100 1 1000000
67 68 1 1000000
67 69 1 1000000
67 70 1 1000000
67 71 1 1000000
67 72 1 1000000
67 73 1 1000000
67 74 1 1000000
67 75 1 1000000
67 76 1 1000000
67 77 1 1000000
67 78 1 1000000
67 79 1 1000000
67 80 1 1000000
67 81 1 1000000
67 82 1 1000000
67 83 1 1000000
67 84 1 1000000
67 85 1 1000000
67 86 1 1000000
67 87 1 1000000
67 88 1 1000000
67 89 1 1000000
67 90 1 1000000
67 91 1 1000000
67 92 1 1000000
67 93 1 1000000
67 94 1 1000000
67 95 1 1000000
67 96 1 1000000
67 97 1 1000000
67 98 1 1000000
67 99 1 1000000
67 100 1 1000000
68 69 1 1000000
68 70 1 1000000
68 71 1 1000000
68 72 1 1000000
68 73 1 1000000
68 74 1 1000000
68 75 1 1000000
68 76 1 1000000
68 77 1 1000000
68 78 1 1000000
68 79 1 1000000
68 80 1 1000000
68 81 1 1000000
68 82 1 1000000
68 83 1 1000000
68 84 1 1000000
68 85 1 1000000
68 86 1 1000000
68 87 1 1000000
68 88 1 1000000
68 89 1 1000000
68 90 1 1000000
68 91 1 1000000
68 92 1 1000000
68 93 1 1000000
68 94 1 1000000
68 95 1 1000000
68 96 1 1000000
68 97 1 1000000
68 98 1 1000000
68 99 1 1000000
68 100 1 1000000
69 70 1 1000000
69 71 1 1000000
69 72 1 1000000
69 73 1 1000000
69 74 1 1000000
69 75 1 1000000
69 76 1 1000000
69 77 1 1000000
69 78 1 1000000
69 79 1 1000000
69 80 1 1000000
69 81 1 1000000
69 82 1 1000000
69 83 1 1000000
69 84 1 1000000
69 85 1 1000000
69 86 1 1000000
69 87 1 1000000
69 88 1 1000000
69 89 1 1000000
69 90 1 1000000
69 91 1 1000000
69 92 1 1000000
69 93 1 1000000
69 94 1 1000000
69 95 1 1000000
69 96 1 1000000
69 97 1 1000000
69 98 1 1000000
69 99 1 1000000
69 100 1 1000000
70 71 1 1000000
70 72 1 1000000
70 73 1 1000000
70 74 1 1000000
70 75 1 1000000
70 76 1 1000000
70 77 1 1000000
70 78 1 1000000
70 79 1 1000000
70 80 1 1000000
70 81 1 1000000
70 82 1 1000000
70 83 1 1000000
70 84 1 1000000
70 85 1 1000000
70 86 1 1000000
70 87 1 1000000
70 88 1 1000000
70 89 1 1000000
70 90 1 1000000
70 91 1 1000000
70 92 1 1000000
70 93 1 1000000
70 94 1 1000000
70 95 1 1000000
70 96 1 1000000
70 97 1 1000000
70 98 1 1000000
70 99 1 1000000
70 100 1 1000000
71 72 1 1000000
71 73 1 1000000
71 74 1 1000000
71 75 1 1000000
71 76 1 1000000
71 77 1 1000000
71 78 1 1000000
71 79 1 1000000
71 80 1 1000000
71 81 1 1000000
71 82 1 1000000
71 83 1 1000000
71 84 1 1000000
71 85 1 1000000
71 86 1 1000000
71 87 1 1000000
71 88 1 1000000
71 89 1 1000000
71 90 1 1000000
71 91 1 1000000
71 92 1 1000000
71 93 1 1000000
71 94 1 1000000
71 95 1 1000000
71 96 1 1000000
71 97 1 1000000
71 98 1 1000000
71 99 1 1000000
71 100 1 1000000
72 73 1 1000000
72 74 1 1000000
72 75 1 1000000
72 76 1 1000000
72 77 1 1000000
72 78 1 1000000
72 79 1 1000000
72 80 1 1000000
72 81 1 1000000
72 82 1 1000000
72 83 1 1000000
72 84 1 1000000
72 85 1 1000000
72 86 1 1000000
72 87 1 1000000
72 88 1 1000000
72 89 1 1000000
72 90 1 1000000
72 91 1 1000000
72 92 1 1000000
72 93 1 1000000
72 94 1 1000000
72 95 1 1000000
72 96 1 1000000
72 97 1 1000000
72 98 1 1000000
72 99 1 1000000
72 100 1 1000000
73 74 1 1000000
73 75 1 1000000
73 76 1 1000000
73 77 1 1000000
73 78 1 1000000
73 79 1 1000000
73 80 1 1000000
73 81 1 1000000
73 82 1 1000000
73 83 1 1000000
73 84 1 1000000
73 85 1 1000000
73 86 1 1000000
73 87 1 1000000
73 88 1 1000000
73 89 1 1000000
73 90 1 1000000
73 91 1 1000000
73 92 1 1000000
73 93 1 1000000
73 94 1 1000000
73 95 1 1000000
73 96 1 1000000
73 97 1 1000000
73 98 1 1000000
73 99 1 1000000
73 100 1 1000000
74 75 1 1000000
74 76 1 1000000
74 77 1 1000000
74 78 1 1000000
74 79 1 1000000
74 80 1 1000000
74 81 1 1000000
74 82 1 1000000
74 83 1 1000000
74 84 1 1000000
74 85 1 1000000
74 86 1 1000000
74 87 1 1000000
74 88 1 1000000
74 89 1 1000000
74 90 1 1000000
74 91 1 1000000
74 92 1 1000000
74 93 1 1000000
74 94 1 1000000
74 95 1 1000000
74 96 1 1000000
74 97 1 1000000
74 98 1 1000000
74 99 1 1000000
74 100 1 1000000
75 76 1 1000000
75 77 1 1000000
75 78 1 1000000
75 79 1 1000000
75 80 1 1000000
75 81 1 1000000
75 82 1 1000000
75 83 1 1000000
75 84 1 1000000
75 85 1 1000000
75 86 1 1000000
75 87 1 1000000
75 88 1 1000000
75 89 1 1000000
75 90 1 1000000
75 91 1 1000000
75 92 1 1000000
75 93 1 1000000
75 94 1 1000000
75 95 1 1000000
75 96 1 1000000
75 97 1 1000000
75 98 1 1000000
75 99 1 1000000
75 100 1 1000000
76 77 1 1000000
76 78 1 1000000
76 79 1 1000000
76 80 1 1000000
76 81 1 1000000
76 82 1 1000000
76 83 1 1000000
76 84 1 1000000
76 85 1 1000000
76 86 1 1000000
76 87 1 1000000
76 88 1 1000000
76 89 1 1000000
76 90 1 1000000
76 91 1 1000000
76 92 1 1000000
76 93 1 1000000
76 94 1 1000000
76 95 1 1000000
76 96 1 1000000
76 97 1 1000000
76 98 1 1000000
76 99 1 1000000
76 100 1 1000000
77 78 1 1000000
77 79 1 1000000
77 80 1 1000000
77 81 1 1000000
77 82 1 1000000
77 83 1 1000000
77 84 1 1000000
77 85 1 1000000
77 86 1 1000000
77 87 1 1000000
77 88 1 1000000
77 89 1 1000000
77 90 1 1000000
77 91 1 1000000
77 92 1 1000000
77 93 1 1000000
77 94 1 1000000
77 95 1 1000000
77 96 1 1000000
77 97 1 1000000
77 98 1 1000000
77 99 1 1000000
77 100 1 1000000
78 79 1 1000000
78 80 1 1000000
78 81 1 1000000
78 82 1 1000000
78 83 1 1000000
78 84 1 1000000
78 85 1 1000000
78 86 1 1000000
78 87 1 1000000
78 88 1 1000000
78 89 1 1000000
78 90 1 1000000
78 91 1 1000000
78 92 1 1000000
78 93 1 1000000
78 94 1 1000000
78 95 1 1000000
78 96 1 1000000
78 97 1 1000000
78 98 1 1000000
78 99 1 1000000
78 100 1 1000000
79 80 1 1000000
79 81 1 1000000
79 82 1 1000000
79 83 1 1000000
79 84 1 1000000
79 85 1 1000000
79 86 1 1000000
79 87 1 1000000
79 88 1 1000000
79 89 1 1000000
79 90 1 1000000
79 91 1 1000000
79 92 1 1000000
79 93 1 1000000
79 94 1 1000000
79 95 1 1000000
79 96 1 1000000
79 97 1 1000000
79 98 1 1000000
79 99 1 1000000
79 100 1 1000000
80 81 1 1000000
80 82 1 1000000
80 83 1 1000000
80 84 1 1000000
80 85 1 1000000
80 86 1 1000000
80 87 1 1000000
80 88 1 1000000
80 89 1 1000000
80 90 1 1000000
80 91 1 1000000
80 92 1 1000000
80 93 1 1000000
80 94 1 1000000
80 95 1 1000000
80 96 1 1000000
80 97 1 1000000
80 98 1 1000000
80 99 1 1000000
80 100 1 1000000
81 82 1 1000000
81 83 1 1000000
81 84 1 1000000
81 85 1 1000000
81 86 1 1000000
81 87 1 1000000
81 88 1 1000000
81 89 1 1000000
81 90 1 1000000
81 91 1 1000000
81 92 1 1000000
81 93 1 1000000
81 94 1 1000000
81 95 1 1000000
81 96 1 1000000
81 97 1 1000000
81 98 1 1000000
81 99 1 1000000
81 100 1 1000000
82 83 1 1000000
82 84 1 1000000
82 85 1 1000000
82 86 1 1000000
82 87 1 1000000
82 88 1 1000000
82 89 1 1000000
82 90 1 1000000
82 91 1 1000000
82 92 1 1000000
82 93 1 1000000
82 94 1 1000000
82 95 1 1000000
82 96 1 1000000
82 97 1 1000000
82 98 1 1000000
82 99 1 1000000
82 100 1 1000000
83 84 1 1000000
83 85 1 1000000
83 86 1 1000000
83 87 1 1000000
83 88 1 1000000
83 89 1 1000000
83 90 1 1000000
83 91 1 1000000
83 92 1 1000000
83 93 1 1000000
83 94 1 1000000
83 95 1 1000000
83 96 1 1000000
83 97 1 1000000
83 98 1 1000000
83 99 1 1000000
83 100 1 1000000
84 85 1 1000000
84 86 1 1000000
84 87 1 1000000
84 88 1 1000000
84 89 1 1000000
84 90 1 1000000
84 91 1 1000000
84 92 1 1000000
84 93 1 1000000
84 94 1 1000000
84 95 1 1000000
84 96 1 1000000
84 97 1 1000000
84 98 1 1000000
84 99 1 1000000
84 100 1 1000000
85 86 1 1000000
85 87 1 1000000
85 88 1 1000000
85 89 1 1000000
85 90 1 1000000
85 91 1 1000000
85 92 1 1000000
85 93 1 1000000
85 94 1 1000000
85 95 1 1000000
85 96 1 1000000
85 97 1 1000000
85 98 1 1000000
85 99 1 1000000
85 100 1 1000000
86 87 1 1000000
86 88 1 1000000
86 89 1 1000000
86 90 1 1000000
86 91 1 1000000
86 92 1 1000000
86 93 1 1000000
86 94 1 1000000
86 95 1 1000000
86 96 1 1000000
86 97 1 1000000
86 98 1 1000000
86 99 1 1000000
86 100 1 1000000
87 88 1 1000000
87 89 1 1000000
87 90 1 1000000
87 91 1 1000000
87 92 1 1000000
87 93 1 1000000
87 94 1 1000000
87 95 1 1000000
87 96 1 1000000
87 97 1 1000000
87 98 1 1000000
87 99 1 1000000
87 100 1 1000000
88 89 1 1000000
88 90 1 1000000
88 91 1 1000000
88 92 1 1000000
88 93 1 1000000
88 94 1 1000000
88 95 1 1000000
88 96 1 1000000
88 97 1 1000000
88 98 1 1000000
88 99 1 1000000
88 100 1 1000000
89 90 1 1000000
89 91 1 1000000
89 92 1 1000000
89 93 1 1000000
89 94 1 1000000
89 95 1 1000000
89 96 1 1000000
89 97 1 1000000
89 98 1 1000000
89 99 1 1000000
89 100 1 1000000
90 91 1 1000000
90 92 1 1000000
90 93 1 1000000
90 94 1 1000000
90 95 1 1000000
90 96 1 1000000
90 97 1 1000000
90 98 1 1000000
90 99 1 1000000
90 100 1 1000000
91 92 1 1000000
91 93 1 1000000
91 94 1 1000000
91 95 1 1000000
91 96 1 1000000
91 97 1 1000000
91 98 1 1000000
91 99 1 1000000
91 100 1 1000000
92 93 1 1000000
92 94 1 1000000
92 95 1 1000000
92 96 1 1000000
92 97 1 1000000
92 98 1 1000000
92 99 1 1000000
92 100 1 1000000
93 94 1 1000000
93 95 1 1000000
93 96 1 1000000
93 97 1 1000000
93 98 1 1000000
93 99 1 1000000
93 100 1 1000000
94 95 1 1000000
94 96 1 1000000
94 97 1 1000000
94 98 1 1000000
94 99 1 1000000
94 100 1 1000000
95 96 1 1000000
95 97 1 1000000
95 98 1 1000000
95 99 1 1000000
95 100 1 1000000
96 97 1 1000000
96 98 1 1000000
96 99 1 1000000
96 100 1 1000000
97 98 1 1000000
97 99 1 1000000
97 100 1 1000000
98 99 1 1000000
98 100 1 1000000
99 100 1 1000000
