40
886 860 1549 1294 1359 1718
49 1108 522 250 -141 684
1552 1665 889 1231 1079 807
1064 444 874 868 401 10
335 771 998 1205 808 1629
1327 1718 664 1284 854 860
1315 366 1788 1224 1125 790
1052 1078 579 220 1242 654
585 195 1058 1053 395 619
1102 862 1575 1720 912 1286
898 475 1322 665 464 1138
1850 1324 1187 890 1377 466
861 1098 1285 1288 427 1761
504 703 1167 1137 977 1561
957 1015 1391 352 1815 542
923 164 1586 598 1396 1022
870 922 680 1346 207 488
901 1684 1335 1021 1759 1211
1342 1045 1815 1903 1152 1469
945 1027 1369 1217 511 1690
349 1188 539 764 1012 1622
332 1651 766 988 1190 1178
748 1202 1182 539 1606 729
1562 1195 1372 1619 899 761
785 1270 312 412 975 846
920 607 1344 797 486 1270
695 530 1168 1388 505 954
1566 1260 903 826 1093 402
1016 1850 353 1416 543 992
1108 1047 1581 1905 918 1471
294 1548 728 885 1152 1075
1299 860 1723 1050 865 1523
1042 701 1466 891 608 1364
1491 1389 1301 1813 828 955
1356 877 1829 1735 1166 1301
1212 416 1636 606 778 1079
1372 468 1845 1326 1182 892
1436 1356 963 498 1626 932
187 124 850 558 660 982
1195 1560 722 702 1385 1136

