1200
7767 -541
7126 8788
-2889 -4502
-8767 -2014
6160 8314
1901 2208
-3280 3057
-6837 -1954
3601 6927
-308 4912
498 -6875
-2209 6590
-2808 998
-9206 -8854
-2683 -5336
8495 6030
7463 3373
-721 -3689
1723 2530
-1436 3676
8603 7456
8655 -4609
9703 -551
-866 -4612
-7478 -3270
-3410 -8078
-6036 -9990
-8766 145
9465 4431
-8481 7247
1400 -3385
2014 -8418
-9381 354
-2172 -7327
-2955 6824
-5437 3624
1936 5946
-5872 -694
4792 -8962
-5211 7461
8988 7869
-4915 -8631
-9027 6179
-4315 2042
1294 7964
-4727 -9567
-687 1000
1310 6377
-8006 -393
9253 -494
-5798 3312
2960 5333
8880 3201
1940 -262
4989 -3819
9566 -3841
-2884 7404
-9642 9165
481 -6806
1380 -9980
-2321 -6778
9957 -6478
9821 -1314
-2450 2854
3033 2877
398 2462
-4666 -3937
4475 7731
-1937 6238
-765 -4990
-7556 -6340
5246 -111
-9169 -4042
8444 655
6676 1399
-207 6787
-9941 -7122
-3483 6791
-6555 -6906
2519 -8267
77 -4593
-720 -8531
-8809 -7507
-7717 148
-4541 1825
-3916 -5398
-5327 -8770
2849 -5284
-1272 -2363
5437 5070
2352 -1253
-1851 4646
-6316 -9536
6965 -4620
-8034 558
-4600 -7924
-2216 8328
5321 -2454
-1171 -779
9906 2728
6800 5927
1831 -3281
-1757 8935
2221 -2394
3099 -9027
-4339 1403
2304 -8030
9336 5583
4377 -8823
-9962 5086
-2643 -3602
-122 -4565
-35 -4568
-2617 552
-2157 8842
-6831 -7153
-2330 -4590
-8096 -8215
-7926 -8981
2314 6888
4312 -9590
5359 -6433
8031 -6896
8372 -6363
6123 -5811
-52 -4456
-2009 6347
2767 -2020
3556 -7041
8919 963
-5402 -3597
2368 7083
-8416 124
5928 8134
5749 -3884
-9229 5970
-359 -3449
1833 -5669
2859 -4987
7988 1732
-2524 5771
6720 -3446
-4157 7089
-9704 -1650
6309 3794
9031 -3517
-1034 -8807
9676 -8755
4346 -3090
-8595 -3865
-4163 5219
-13 -84
9554 8003
-3300 8272
3200 6116
9311 3411
-132 -6198
-2922 -7257
7945 4799
3676 -4111
2111 -1283
544 8207
-8179 -8040
7062 -5528
340 4933
-9476 2720
6109 -1539
8521 -2393
-9506 5503
5831 7120
-6673 1016
8630 -9402
-3566 -2551
-3465 -9058
-9161 256
-9973 -6601
4816 1145
75 6176
-1779 7084
8178 5484
1376 4270
2453 7805
478 -2054
3669 -7675
-9995 -1826
5347 -4476
-5891 5432
-4104 -4652
710 -9134
6198 -2236
3767 -3097
7268 3713
-5 8607
-743 -8708
-3853 3781
-1828 -6892
4365 -6884
5341 -2278
-1011 -1238
3631 8950
150 -6476
-2506 7711
6068 -8411
8100 -6748
4283 -9441
5316 7384
2646 4260
4965 1537
9140 4252
7581 7429
6106 -683
3724 2947
6099 -1594
1746 8347
9165 2417
2428 3733
7866 -9790
5656 6090
-4101 -5006
1653 2964
8526 2240
2789 1943
-1893 7429
-2057 903
2773 -1602
7008 -263
-6636 -7655
3248 8756
3070 -7458
-2662 6756
-9410 2133
2330 -1383
-412 -7551
-7191 929
9967 484
-1013 -7014
-5935 -9125
-1528 -1951
555 7559
-8428 3181
216 -6265
8788 -6172
7114 -9114
6372 -9688
7426 -1945
-6430 8931
-6748 5700
-9666 -9417
2226 -3035
1119 1013
1138 -3797
8352 6942
-4314 2326
-7472 5444
987 -2474
-8121 -6673
-3526 6592
3375 -1884
2118 1965
244 -156
858 4638
1898 1716
4326 -3981
1740 -8576
679 -3445
-4335 -861
-7457 -7905
-82 7191
7614 9106
-9785 3103
6713 -7703
7697 1526
9302 -3831
-5875 3379
5657 -7520
-5619 8267
6449 2788
-3229 7516
-9180 7340
7381 -7602
-7538 3078
6857 -1835
6050 5054
3795 8029
-1551 3433
-7755 7513
-165 -1709
-5792 8292
7702 735
-6995 1827
6459 -5050
-3919 -9080
-8273 -2198
-6505 -8975
-7368 5471
-3946 6396
-4785 7535
-321 -9224
-2029 -9938
4445 7023
-4998 6729
-8723 -7444
383 9702
-930 1413
4153 9214
-6045 8038
-747 -8258
768 -1288
373 8822
1368 -2599
-5949 -7811
2919 4525
9305 3395
-206 -5363
167 -3290
-754 -2835
5403 7970
951 -1172
-3337 4722
7190 1916
5368 -144
-4646 -5308
93 -6440
-9738 8902
2792 4436
-26 329
-1776 5193
9111 -2907
7541 -1870
-4366 8843
5661 -574
9047 -8367
8485 -4867
2035 9773
1412 -4323
-353 8388
1568 -4907
-136 -583
-3812 9089
3418 -425
-2305 7696
-238 -176
6482 6743
1578 9663
-8352 -4155
7985 -5860
-4867 -3370
1143 5146
-4629 -9402
3261 4340
-5826 7619
-9999 -9079
9431 -8947
8370 -3186
-8304 7391
-966 176
140 3834
-525 -5571
-3202 8265
652 3023
1830 2310
8491 -6745
2322 9947
8657 -1583
247 -7051
3426 -5724
-22 9769
-2854 3583
3744 7611
-2774 2511
-7924 -5781
-2552 -2722
-1323 -7053
-4370 5685
3384 -5905
2610 2840
-7149 8823
-5015 1398
-7309 8456
4337 -6817
-8101 -8849
4934 988
-8486 -5426
-5758 6249
-3353 6419
-3522 -2242
9778 -1666
8766 -1379
-6557 -2001
7889 6056
4095 1078
5336 7015
4673 -2644
-8091 -2040
-8803 4867
-1907 -8699
-6500 -3094
-6538 -720
-605 4122
-1429 -1499
6309 135
8321 2727
6047 7623
-2885 7276
206 2138
9644 7565
7850 381
-6373 -3047
-1126 3138
-7382 -5735
-6286 -6687
-5779 -210
9083 -823
8847 4397
-8013 3337
4916 1630
1292 4277
6167 6172
6717 -61
6332 -536
5095 -7688
8856 -8507
2328 3692
-3709 -3751
-3084 740
5456 -7568
2904 7298
-6595 8115
3667 -4683
6804 -4536
7711 2410
-6354 -4190
-5887 8068
-2075 4779
-2615 -8252
-4884 -9601
9973 679
-4955 -1236
-3550 -1027
-5782 9654
7296 2227
923 4481
-308 3457
-1820 -7810
-1453 6334
-7798 2746
688 4236
-9018 -6226
309 -2904
-1724 -7372
-3734 8598
-172 4127
-6195 6079
-7029 -1561
9363 5759
9876 6213
5682 1694
-4734 4940
1630 9379
-9227 369
4923 -6071
6036 -3411
3941 -5470
-3618 -969
427 -6886
2025 -2024
6798 6703
-3536 -5290
-8838 -5595
3292 6233
-4765 -3160
-6689 7458
6002 3283
9672 9981
8745 3998
4547 3407
8655 -5934
-1434 9090
5310 5616
-6282 -6829
4962 3060
7456 -9017
-3171 -8217
-4871 6035
274 -1325
-9125 -6553
-1320 -2886
906 -2372
591 6637
-7738 6205
-2535 -4925
-5901 -694
7487 1468
2358 798
-7386 -9372
1173 5831
-5583 -5635
4787 -3463
9192 -9832
-5123 -2106
-4146 -749
421 -722
-7820 -286
1542 1377
-5472 -7266
-5451 6152
-4108 -5177
-514 2295
5660 -664
-7787 9122
4648 1385
-322 4922
5606 -6599
6614 2033
6126 -297
7279 -8547
1407 -7339
-7938 -606
2470 -931
-2923 2439
3658 -2809
-6579 4088
-8521 -9297
-1445 127
-4958 2747
480 -2318
2894 3577
-3083 -3293
6463 1492
7011 6493
8542 -5782
-6292 -416
6238 -65
-4457 2818
-4894 -5333
7255 9188
6929 7981
-5966 9970
-6215 -1933
-8195 4687
7903 4051
-2831 4001
-4715 -799
4096 -8873
-1603 -5465
-5938 3737
4733 6788
7160 9599
9271 -2043
4062 2257
9759 6928
-6280 3623
-2006 -1802
-335 4543
2434 -2947
-5772 -350
-6183 -6901
3093 -6397
5340 -2230
8215 -635
-979 851
-7303 4590
1444 4150
-4316 -6304
3052 5953
-5530 -9121
9999 -2703
-2789 6879
-9445 -2284
614 -4538
9194 4202
-5573 -8763
-1311 93
6094 4283
3118 950
-3812 4654
-3041 -2131
-5818 1037
-6731 9007
-2869 7118
3310 -2853
-9504 -9911
8089 -4700
-2200 -6444
7377 -2687
-6978 -4185
-2127 3944
-4740 7979
-8651 2840
7559 -6306
3085 3145
-270 -5176
-2716 4418
6304 -3879
7551 -3089
-4754 -1929
2106 -9989
5040 8589
-611 1858
-1561 2645
-3382 -6988
-3587 3482
-84 -7728
7051 4482
1889 1011
2058 352
4959 601
2511 6378
67 -1341
-1966 1916
1104 4175
-3804 7437
99 -9537
-4087 -9718
6248 -536
4900 178
3267 -4533
-375 -1567
9011 166
-3407 -5266
-8849 -8246
6565 9702
7501 727
-4998 -4107
1698 1075
3287 7313
7897 -7340
-4236 -1535
-8440 -6504
4391 7382
8364 -8484
-6535 -966
-1092 8570
-6749 2491
2541 9935
-4975 7316
-3538 6287
-5266 -6861
-1687 55
9669 -1591
3004 520
942 -1093
7583 -6259
926 -677
4595 -4223
-8806 -7112
8574 1046
6990 -9466
-24 -1437
-6773 -7469
707 6747
-978 4378
-9205 -2469
-101 -3081
-7826 -7099
-4247 -3690
7873 -1665
-5733 -387
6728 5243
8136 8854
1642 2138
2901 -9607
-839 9367
7745 -1322
-6934 4710
9185 -5217
9807 -1485
-7930 -6051
-766 -363
1037 7748
1863 -5583
4166 5564
-3241 -8867
-3584 -9822
-3054 5376
8549 5811
1004 7553
765 6470
3924 3725
4022 972
6502 4835
-8093 -2363
-4820 -1971
-8277 5075
7791 -7590
3336 1363
-4472 3454
-2192 -2538
-3645 -7278
3679 4374
8802 -7310
-3548 6931
-3754 3626
-687 1104
-8266 4551
-3481 512
-4319 2109
-429 -5686
-9195 -9450
-3909 3225
6661 -4242
-5757 -1313
-2609 -6658
4002 -9949
-4749 -1913
656 -5555
2819 9193
-3707 9770
7065 -560
8812 -7761
5886 -8954
7228 -4405
4983 -8471
-7496 3573
-4147 5167
-650 -3961
7972 6715
-9516 409
-9240 -9903
-8052 -2003
-6833 -7861
182 -1589
-9669 -2242
1884 4241
-878 -676
-1640 -2333
-6291 -1763
4330 2415
-7100 -5552
706 8387
-5269 6060
-6170 -3317
1603 -6728
5320 4364
-2892 -3058
-2002 6518
7510 -8095
8618 -5588
-1410 -1762
732 -2820
5986 -3516
-9969 -6628
-5133 -3158
1748 3397
-6393 8281
-3379 -8381
9476 -5967
-1003 -1917
-7175 -4
1125 226
-6854 -8903
-1813 3895
4133 3573
-4307 -235
4100 5223
4965 3700
-2937 1432
-1957 -4404
-8587 893
-6507 -5711
-6676 7058
660 -1522
-3176 -2194
2225 391
1310 -2572
-1815 -657
-9981 1223
-9906 1948
-3562 495
-560 4412
-662 -6671
5909 -9474
-764 265
-9394 -7430
3020 9895
6378 -85
4063 -840
-7011 -5409
-6050 6748
8961 4878
-8987 -575
-3750 -6733
-1247 6598
6327 -2699
6718 5560
-9557 -140
1124 -609
3569 6357
-9901 -3655
-537 -1190
-4469 -561
7585 -2361
6104 -2355
-8137 -4328
-3849 -5751
-2097 -2592
5192 2998
-8979 2094
3652 -3279
8484 -9826
-8627 -1956
7489 -2187
7384 1679
-1149 9812
-9300 -2166
-7350 1138
-8935 1817
-9402 9711
539 -5678
-2250 -4665
3196 5929
-1532 9692
5988 -63
4277 -6433
5905 1852
6872 5282
5029 1520
8353 8898
6096 -2688
-8583 4967
9592 5714
4655 871
9820 -6769
33 1358
9541 -9618
-7467 4894
-6761 -7843
1094 -166
-16 1888
7525 -9146
-5963 6099
-7099 -9045
5972 3573
-6835 -7541
-8415 -85
-4501 4243
7379 -6700
-8728 -4920
-8825 2317
-3377 2735
-920 1325
-1744 -7797
-5818 -887
-2676 6827
6125 5423
-3045 -5804
412 -143
-6620 8958
4241 -3932
6573 6564
-6786 -2379
-7237 -3876
103 -6236
-8941 8482
5518 7103
-546 6598
5518 3964
4717 5383
3242 -5320
8349 -6025
-9638 -5441
5824 -9369
8788 9046
1314 -1611
-4672 -3404
-8424 -4410
-2126 8307
-2085 4807
-1667 9211
5870 3653
-2905 8318
9018 4847
-5760 8716
1163 -8358
3986 7987
-3203 7360
9556 -9414
-5240 -8798
-9957 3728
4344 6269
8264 2664
7679 8293
-4852 2190
4657 -9424
9978 4489
6404 -4914
-7221 698
7769 -1123
5741 6829
8634 -8209
-2862 -8605
3800 270
-2167 8741
-6584 5956
3962 -6985
-2933 -8390
4976 -6251
-9701 -6277
9138 9272
2621 -4867
-5364 -5317
4122 -578
1452 2369
9186 -5906
467 -2275
-8586 -3229
6315 3627
8995 2378
-268 1085
9138 1591
6065 -1789
-7761 -6745
4580 -1588
-2565 9604
-931 4846
-1297 -4965
3370 -8075
5141 8914
-8370 953
7489 2997
-4921 -159
-8396 -7661
-8284 -1638
-2544 2766
-7434 -6315
3655 6709
-5447 4703
-6470 5411
5396 4764
-9265 -5719
-6414 -6712
-5213 32
7144 -7183
-5456 6612
1357 -1805
9064 8158
-1034 2339
-9661 -5850
29 -7992
1062 -2804
7050 -6769
-4433 -7369
4901 1003
2425 -167
8337 3347
935 1953
9971 -4057
6933 -6958
-9161 3879
5546 2721
1469 -6032
8542 5096
-6261 8428
-3102 -5088
4839 7519
-9341 3094
-5880 -1318
3864 -7115
5871 -8091
608 -6713
-665 -1667
-8940 2846
2763 4093
3389 -3433
-6847 5294
6459 7483
-6718 9784
7810 -6560
4223 -7532
-571 8793
-3233 -4013
2005 -602
382 -9716
-955 -4795
1037 4512
2443 4570
4453 -7819
6010 2981
6820 5170
2346 -386
-49 -8028
6828 -8559
5062 -8144
9847 1330
-7379 -6176
-1495 6149
709 -5411
-3271 -409
8771 8248
-8260 -3322
5465 -840
-3150 4463
6597 -949
-4597 8241
-822 9421
1935 -8532
-4944 -7189
1636 4028
3614 8003
9486 -4139
2376 4764
5452 -1235
2262 -2699
-6805 -1276
-3012 -1630
3238 4484
-6220 -299
-5149 2709
-8378 2037
-8938 784
-6591 -9223
-3279 -6454
-3758 -9476
-5710 2588
-7598 6740
-593 -7601
9514 9145
948 -5147
-10000 9774
2101 9143
-2500 9569
6785 8897
4298 -9857
-7085 6250
1669 -8142
-9096 -9514
-6146 -7934
-9396 4734
5603 1847
8478 564
7764 8330
-6425 965
3136 -5376
1900 -8625
143 6447
1917 3261
1460 7685
-8593 6370
3253 -3438
8338 -7492
-9192 5068
1003 8769
-144 3575
2691 -7256
894 299
4032 3363
2293 -5674
8672 8943
-9858 -3704
-374 -3784
3331 327
-6127 9583
-7088 2802
-9627 3424
5890 7131
-6372 -9926
-4150 -44
3380 7358
5254 -3382
8935 -4297
-6921 -5638
-6505 -9644
-1126 8185
6308 -174
-8387 -7580
-6084 -5176
9357 473
-6501 -6797
1208 3043
7395 -7192
-1674 -6110
-1582 -2606
-1813 7052
-9933 939
-8496 8397
-3229 3108
9654 -7815
8089 -5554
6685 -3087
-78 7663
-3254 6168
-6341 -6705
194 8953
-4868 1101
-3471 8203
-2536 8493
-5736 7865
-4555 9252
-8752 256
-5780 -3043
-8410 294
-3140 -8218
5030 6286
2224 2087
5875 981
6182 6221
-2357 5230
-1064 3534
-9850 -3642
2395 56
2844 985
-6380 4244
-7658 8333
-4200 -3049
-5223 -2547
2769 -6517
8644 2373
4916 2078
-611 -230
416 -9930
8472 2382
-8885 -2270
9275 -2428
-3659 -3564
-1943 -2352
-2885 7642
-972 4098
-356 49
-2198 7499
-1294 -5269
-4141 2814
-8459 -6629
5169 -6068
2443 4685
-9056 8737
-8910 -2760
-8963 -7256
-1439 -9417
7886 1280
-5265 9106
2792 -68
5041 8798
1525 2348
-1968 3936
-5992 -4451
-4958 -5953
-8819 7667
-4760 988
7772 2176
-2092 8411
-505 8295
-6349 9573
-9521 1521
2094 -9917
778 254
-5063 665
-8986 6334
-4629 -6389
-1967 8960
4808 8942
-8504 -6122
2840 4828
7949 -2940
9137 -5692
7527 5790
8204 1242
-2076 3188
-4156 -1734
288 -7678
-4072 -6777
3819 -5071
-9407 2209
1552 -218
-6528 -6947
8884 -7936
8088 -1174
191 -6781
1729 2170
-7115 3461
-9436 -4844
5322 -1959
-1836 -8877
-8950 6059
-9313 8953
-1897 -3237
-8737 5492
-5002 5793
-8039 -6372
6275 -4202
3109 -3966
-6309 -3405
3334 -8282
-9780 -6205
9448 -1302
-1176 -9341
-7609 -2494
4024 8003
-7068 -1432
1429 8839
3551 -9785
2439 -621
5244 4666
-6709 509
-9683 5493
3975 2979
3514 9728
-5760 8245
1636 -429
5809 3553
1998 2052
