100
1 10
259 61
82 202
96 49
112 128
25 143
22 253
18 88
276 111
233 99
210 254
216 92
49 99
140 74
248 84
145 45
263 87
232 293
148 267
249 7
43 44
151 7
178 3
233 196
232 213
168 62
205 178
287 194
300 74
203 89
26 232
149 265
153 172
286 206
102 3
212 297
233 225
60 44
275 236
177 260
207 87
29 189
85 264
49 82
164 289
53 48
81 54
174 150
86 47
183 222
224 25
23 18
32 239
242 115
184 132
223 149
103 246
246 43
29 21
19 59
202 69
172 77
110 252
95 95
197 208
271 96
144 89
231 223
166 218
124 163
179 265
201 34
142 122
35 17
165 203
25 277
252 205
279 84
211 221
150 200
48 70
284 110
39 297
92 17
31 261
167 210
31 201
5 93
272 161
99 133
271 105
107 147
22 256
229 55
277 149
39 268
121 63
243 177
33 187
279 163
