5
783575562846954274 386513745278502431 628799221480293305 774624621629827899 502464553488398701

30
285 214 1 421 145 3 52 54 62 24 2 245 2 28 8 2 2 20 2 0 3333 171 172 173 174 175 176 666 219 30

17
1 2 3 4 5 6 7 8 9 10 11 12 13 13 13 17 16


8
1 1 2 2 3 3 4 4


3
1000000000000 1000000000000 1000000000000


6
1 2 3 4 5 6


1000000000000000000 1 3


6 3 10

10 1 4

4 2
4 3 1 2
2 1 4 3



5 3
2 3 4 5 1
3 4 5 1 2


5 1
2 1 4 3 5
2 1 4 3 5


4 1
4 3 1 2
3 4 2 1


4 1
2 3 4 1
1 2 3 4




4 3
4 3 1 2
3 4 2 1


4 1
4 3 1 2
2 1 4 3












5 19
1 10 20 30 50

4 2
-3 -2 -1 0


4 3
1 2 3 4
